iter	dst	dct	klt_sep	klt_nsep	rdot_sep	rdot_nsep
0	34.95	36.23	34.87	34.49	34.9414	34.9499
10	34.95	36.23	34.87	34.49	34.8552	34.4640
20	34.95	36.23	34.87	34.49	34.8220	34.2358
30	34.95	36.23	34.87	34.49	34.8023	34.0798
40	34.95	36.23	34.87	34.49	34.7884	33.9604
50	34.95	36.23	34.87	34.49	34.7766	33.8653
60	34.95	36.23	34.87	34.49	34.7654	33.7895
70	34.95	36.23	34.87	34.49	34.7537	33.7281
80	34.95	36.23	34.87	34.49	34.7407	33.6777
90	34.95	36.23	34.87	34.49	34.7257	33.6363
100	34.95	36.23	34.87	34.49	34.7084	33.6022
110	34.95	36.23	34.87	34.49	34.6888	33.5745
120	34.95	36.23	34.87	34.49	34.6670	33.5508
130	34.95	36.23	34.87	34.49	34.6432	33.5289
140	34.95	36.23	34.87	34.49	34.6182	33.5077
150	34.95	36.23	34.87	34.49	34.5934	33.4870
160	34.95	36.23	34.87	34.49	34.5703	33.4669
170	34.95	36.23	34.87	34.49	34.5493	33.4480
180	34.95	36.23	34.87	34.49	34.5305	33.4310
190	34.95	36.23	34.87	34.49	34.5142	33.4172
200	34.95	36.23	34.87	34.49	34.5011	33.4061
210	34.95	36.23	34.87	34.49	34.4908	33.3968
220	34.95	36.23	34.87	34.49	34.4820	33.3886
230	34.95	36.23	34.87	34.49	34.4738	33.3812
240	34.95	36.23	34.87	34.49	34.4658	33.3745
250	34.95	36.23	34.87	34.49	34.4582	33.3685
260	34.95	36.23	34.87	34.49	34.4509	33.3629
270	34.95	36.23	34.87	34.49	34.4440	33.3577
280	34.95	36.23	34.87	34.49	34.4375	33.3528
290	34.95	36.23	34.87	34.49	34.4314	33.3481
300	34.95	36.23	34.87	34.49	34.4258	33.3435
310	34.95	36.23	34.87	34.49	34.4206	33.3390
320	34.95	36.23	34.87	34.49	34.4158	33.3347
330	34.95	36.23	34.87	34.49	34.4115	33.3305
340	34.95	36.23	34.87	34.49	34.4076	33.3265
350	34.95	36.23	34.87	34.49	34.4041	33.3226
360	34.95	36.23	34.87	34.49	34.4009	33.3187
370	34.95	36.23	34.87	34.49	34.3980	33.3150
380	34.95	36.23	34.87	34.49	34.3953	33.3114
390	34.95	36.23	34.87	34.49	34.3928	33.3081
400	34.95	36.23	34.87	34.49	34.3904	33.3050
410	34.95	36.23	34.87	34.49	34.3881	33.3020
420	34.95	36.23	34.87	34.49	34.3860	33.2992
430	34.95	36.23	34.87	34.49	34.3840	33.2966
440	34.95	36.23	34.87	34.49	34.3821	33.2939
450	34.95	36.23	34.87	34.49	34.3802	33.2913
460	34.95	36.23	34.87	34.49	34.3784	33.2886
470	34.95	36.23	34.87	34.49	34.3767	33.2861
480	34.95	36.23	34.87	34.49	34.3749	33.2837
490	34.95	36.23	34.87	34.49	34.3732	33.2816
500	34.95	36.23	34.87	34.49	34.3715	33.2796
510	34.95	36.23	34.87	34.49	34.3698	33.2778
520	34.95	36.23	34.87	34.49	34.3681	33.2760
530	34.95	36.23	34.87	34.49	34.3664	33.2743
540	34.95	36.23	34.87	34.49	34.3647	33.2725
550	34.95	36.23	34.87	34.49	34.3630	33.2707
560	34.95	36.23	34.87	34.49	34.3612	33.2688
570	34.95	36.23	34.87	34.49	34.3595	33.2669
580	34.95	36.23	34.87	34.49	34.3578	33.2649
590	34.95	36.23	34.87	34.49	34.3561	33.2629
600	34.95	36.23	34.87	34.49	34.3544	33.2608
610	34.95	36.23	34.87	34.49	34.3528	33.2588
620	34.95	36.23	34.87	34.49	34.3513	33.2567
630	34.95	36.23	34.87	34.49	34.3499	33.2547
640	34.95	36.23	34.87	34.49	34.3486	33.2526
650	34.95	36.23	34.87	34.49	34.3474	33.2506
660	34.95	36.23	34.87	34.49	34.3462	33.2487
670	34.95	36.23	34.87	34.49	34.3451	33.2470
680	34.95	36.23	34.87	34.49	34.3440	33.2453
690	34.95	36.23	34.87	34.49	34.3431	33.2438
700	34.95	36.23	34.87	34.49	34.3422	33.2424
710	34.95	36.23	34.87	34.49	34.3414	33.2411
720	34.95	36.23	34.87	34.49	34.3405	33.2398
730	34.95	36.23	34.87	34.49	34.3398	33.2386
740	34.95	36.23	34.87	34.49	34.3390	33.2375
750	34.95	36.23	34.87	34.49	34.3383	33.2364
760	34.95	36.23	34.87	34.49	34.3376	33.2353
770	34.95	36.23	34.87	34.49	34.3370	33.2342
780	34.95	36.23	34.87	34.49	34.3363	33.2332
790	34.95	36.23	34.87	34.49	34.3357	33.2321
800	34.95	36.23	34.87	34.49	34.3351	33.2312
810	34.95	36.23	34.87	34.49	34.3344	33.2302
820	34.95	36.23	34.87	34.49	34.3339	33.2293
830	34.95	36.23	34.87	34.49	34.3333	33.2285
840	34.95	36.23	34.87	34.49	34.3327	33.2277
850	34.95	36.23	34.87	34.49	34.3321	33.2269
860	34.95	36.23	34.87	34.49	34.3316	33.2261
870	34.95	36.23	34.87	34.49	34.3311	33.2254
880	34.95	36.23	34.87	34.49	34.3306	33.2247
890	34.95	36.23	34.87	34.49	34.3301	33.2240
900	34.95	36.23	34.87	34.49	34.3296	33.2234
910	34.95	36.23	34.87	34.49	34.3291	33.2227
920	34.95	36.23	34.87	34.49	34.3286	33.2221
930	34.95	36.23	34.87	34.49	34.3281	33.2215
940	34.95	36.23	34.87	34.49	34.3276	33.2209
950	34.95	36.23	34.87	34.49	34.3271	33.2203
960	34.95	36.23	34.87	34.49	34.3266	33.2197
970	34.95	36.23	34.87	34.49	34.3261	33.2191
980	34.95	36.23	34.87	34.49	34.3256	33.2185
990	34.95	36.23	34.87	34.49	34.3251	33.2180
