iter	dct	rdot_sep	rdot_nsep
0	27.04	26.8548	26.9093
1	27.04	26.7619	26.6584
2	27.04	26.7027	26.4920
3	27.04	26.6598	26.3659
4	27.04	26.6265	26.2634
5	27.04	26.5993	26.1766
6	27.04	26.5766	26.1014
7	27.04	26.5572	26.0352
8	27.04	26.5403	25.9763
9	27.04	26.5255	25.9234
10	27.04	26.5123	25.8757
11	27.04	26.5005	25.8322
12	27.04	26.4898	25.7924
13	27.04	26.4802	25.7558
14	27.04	26.4714	25.7218
15	27.04	26.4634	25.6902
16	27.04	26.4560	25.6607
17	27.04	26.4491	25.6329
18	27.04	26.4428	25.6066
19	27.04	26.4369	25.5816
20	27.04	26.4315	25.5578
21	27.04	26.4264	25.5351
22	27.04	26.4216	25.5134
23	27.04	26.4171	25.4926
24	27.04	26.4128	25.4726
25	27.04	26.4088	25.4533
26	27.04	26.4051	25.4347
27	27.04	26.4015	25.4166
28	27.04	26.3981	25.3990
29	27.04	26.3949	25.3819
30	27.04	26.3918	25.3650
31	27.04	26.3889	25.3484
32	27.04	26.3860	25.3321
33	27.04	26.3833	25.3160
34	27.04	26.3807	25.3000
35	27.04	26.3782	25.2842
36	27.04	26.3757	25.2685
37	27.04	26.3733	25.2529
38	27.04	26.3710	25.2376
39	27.04	26.3687	25.2226
40	27.04	26.3664	25.2079
41	27.04	26.3642	25.1934
42	27.04	26.3620	25.1793
43	27.04	26.3598	25.1654
44	27.04	26.3576	25.1517
45	27.04	26.3554	25.1383
46	27.04	26.3532	25.1252
47	27.04	26.3510	25.1124
48	27.04	26.3488	25.1000
49	27.04	26.3465	25.0880
50	27.04	26.3442	25.0764
51	27.04	26.3419	25.0652
52	27.04	26.3395	25.0543
53	27.04	26.3371	25.0438
54	27.04	26.3346	25.0335
55	27.04	26.3321	25.0235
56	27.04	26.3296	25.0136
57	27.04	26.3271	25.0040
58	27.04	26.3245	24.9944
59	27.04	26.3220	24.9850
60	27.04	26.3194	24.9757
61	27.04	26.3167	24.9666
62	27.04	26.3141	24.9575
63	27.04	26.3115	24.9485
64	27.04	26.3088	24.9397
65	27.04	26.3061	24.9309
66	27.04	26.3035	24.9223
67	27.04	26.3008	24.9138
68	27.04	26.2981	24.9054
69	27.04	26.2954	24.8972
70	27.04	26.2928	24.8891
71	27.04	26.2901	24.8812
72	27.04	26.2875	24.8734
73	27.04	26.2849	24.8658
74	27.04	26.2824	24.8584
75	27.04	26.2799	24.8511
76	27.04	26.2775	24.8440
77	27.04	26.2751	24.8371
78	27.04	26.2728	24.8304
79	27.04	26.2705	24.8239
80	27.04	26.2683	24.8176
81	27.04	26.2661	24.8114
82	27.04	26.2640	24.8054
83	27.04	26.2619	24.7995
84	27.04	26.2599	24.7938
85	27.04	26.2579	24.7882
86	27.04	26.2560	24.7828
87	27.04	26.2540	24.7774
88	27.04	26.2521	24.7722
89	27.04	26.2503	24.7670
90	27.04	26.2484	24.7620
91	27.04	26.2466	24.7570
92	27.04	26.2448	24.7521
93	27.04	26.2430	24.7472
94	27.04	26.2412	24.7425
95	27.04	26.2394	24.7377
96	27.04	26.2377	24.7330
97	27.04	26.2360	24.7284
98	27.04	26.2342	24.7238
99	27.04	26.2325	24.7192
100	27.04	26.2308	24.7147
101	27.04	26.2291	24.7102
102	27.04	26.2274	24.7059
103	27.04	26.2257	24.7017
104	27.04	26.2240	24.6976
105	27.04	26.2223	24.6936
106	27.04	26.2207	24.6897
107	27.04	26.2190	24.6858
108	27.04	26.2173	24.6820
109	27.04	26.2157	24.6782
110	27.04	26.2140	24.6744
111	27.04	26.2123	24.6707
112	27.04	26.2107	24.6670
113	27.04	26.2090	24.6633
114	27.04	26.2074	24.6597
115	27.04	26.2057	24.6561
116	27.04	26.2040	24.6525
117	27.04	26.2024	24.6490
118	27.04	26.2007	24.6455
119	27.04	26.1991	24.6421
120	27.04	26.1974	24.6387
121	27.04	26.1958	24.6353
122	27.04	26.1941	24.6319
123	27.04	26.1924	24.6285
124	27.04	26.1908	24.6252
125	27.04	26.1891	24.6219
126	27.04	26.1875	24.6186
127	27.04	26.1858	24.6154
128	27.04	26.1841	24.6124
129	27.04	26.1825	24.6096
130	27.04	26.1808	24.6069
131	27.04	26.1791	24.6044
132	27.04	26.1775	24.6019
133	27.04	26.1758	24.5995
134	27.04	26.1742	24.5971
135	27.04	26.1725	24.5948
136	27.04	26.1708	24.5926
137	27.04	26.1692	24.5903
138	27.04	26.1675	24.5882
139	27.04	26.1659	24.5860
140	27.04	26.1643	24.5839
141	27.04	26.1626	24.5819
142	27.04	26.1610	24.5798
143	27.04	26.1594	24.5778
144	27.04	26.1578	24.5759
145	27.04	26.1561	24.5740
146	27.04	26.1545	24.5721
147	27.04	26.1530	24.5702
148	27.04	26.1514	24.5684
149	27.04	26.1498	24.5666
150	27.04	26.1483	24.5648
151	27.04	26.1468	24.5631
152	27.04	26.1453	24.5614
153	27.04	26.1439	24.5597
154	27.04	26.1424	24.5580
155	27.04	26.1410	24.5564
156	27.04	26.1396	24.5548
157	27.04	26.1383	24.5533
158	27.04	26.1371	24.5517
159	27.04	26.1358	24.5502
160	27.04	26.1347	24.5487
161	27.04	26.1336	24.5472
162	27.04	26.1325	24.5458
163	27.04	26.1314	24.5444
164	27.04	26.1304	24.5430
165	27.04	26.1294	24.5416
166	27.04	26.1285	24.5403
167	27.04	26.1275	24.5389
168	27.04	26.1266	24.5376
169	27.04	26.1257	24.5363
170	27.04	26.1248	24.5350
171	27.04	26.1240	24.5338
172	27.04	26.1231	24.5325
173	27.04	26.1223	24.5313
174	27.04	26.1214	24.5301
175	27.04	26.1206	24.5288
176	27.04	26.1198	24.5277
177	27.04	26.1190	24.5265
178	27.04	26.1182	24.5253
179	27.04	26.1174	24.5242
180	27.04	26.1166	24.5230
181	27.04	26.1159	24.5219
182	27.04	26.1151	24.5208
183	27.04	26.1144	24.5197
184	27.04	26.1136	24.5187
185	27.04	26.1129	24.5176
186	27.04	26.1121	24.5165
187	27.04	26.1114	24.5155
188	27.04	26.1107	24.5145
189	27.04	26.1100	24.5134
190	27.04	26.1093	24.5124
191	27.04	26.1086	24.5114
192	27.04	26.1079	24.5105
193	27.04	26.1072	24.5095
194	27.04	26.1065	24.5085
195	27.04	26.1059	24.5076
196	27.04	26.1052	24.5067
197	27.04	26.1045	24.5057
198	27.04	26.1039	24.5048
199	27.04	26.1032	24.5039
200	27.04	26.1026	24.5030
201	27.04	26.1020	24.5021
202	27.04	26.1013	24.5013
203	27.04	26.1007	24.5004
204	27.04	26.1001	24.4995
205	27.04	26.0995	24.4987
206	27.04	26.0989	24.4978
207	27.04	26.0983	24.4970
208	27.04	26.0977	24.4962
209	27.04	26.0971	24.4953
210	27.04	26.0965	24.4945
211	27.04	26.0959	24.4937
212	27.04	26.0953	24.4929
213	27.04	26.0948	24.4921
214	27.04	26.0942	24.4914
215	27.04	26.0936	24.4906
216	27.04	26.0931	24.4898
217	27.04	26.0925	24.4890
218	27.04	26.0920	24.4883
219	27.04	26.0914	24.4875
220	27.04	26.0909	24.4868
221	27.04	26.0903	24.4861
222	27.04	26.0898	24.4853
223	27.04	26.0893	24.4846
224	27.04	26.0887	24.4839
225	27.04	26.0882	24.4832
226	27.04	26.0877	24.4825
227	27.04	26.0872	24.4818
228	27.04	26.0867	24.4811
229	27.04	26.0862	24.4805
230	27.04	26.0856	24.4798
231	27.04	26.0851	24.4791
232	27.04	26.0846	24.4785
233	27.04	26.0841	24.4778
234	27.04	26.0837	24.4772
235	27.04	26.0832	24.4766
236	27.04	26.0827	24.4759
237	27.04	26.0822	24.4753
238	27.04	26.0817	24.4747
239	27.04	26.0812	24.4741
240	27.04	26.0808	24.4734
241	27.04	26.0803	24.4728
242	27.04	26.0798	24.4722
243	27.04	26.0793	24.4716
244	27.04	26.0789	24.4711
245	27.04	26.0784	24.4705
246	27.04	26.0780	24.4699
247	27.04	26.0775	24.4693
248	27.04	26.0771	24.4688
249	27.04	26.0766	24.4682
250	27.04	26.0762	24.4676
251	27.04	26.0757	24.4671
252	27.04	26.0753	24.4666
253	27.04	26.0748	24.4660
254	27.04	26.0744	24.4655
255	27.04	26.0740	24.4650
256	27.04	26.0735	24.4644
257	27.04	26.0731	24.4639
258	27.04	26.0727	24.4634
259	27.04	26.0723	24.4629
260	27.04	26.0719	24.4624
261	27.04	26.0714	24.4620
262	27.04	26.0710	24.4615
263	27.04	26.0706	24.4610
264	27.04	26.0702	24.4605
265	27.04	26.0698	24.4601
266	27.04	26.0694	24.4596
267	27.04	26.0690	24.4591
268	27.04	26.0686	24.4587
269	27.04	26.0682	24.4582
270	27.04	26.0678	24.4578
271	27.04	26.0674	24.4574
272	27.04	26.0671	24.4569
273	27.04	26.0667	24.4565
274	27.04	26.0663	24.4561
275	27.04	26.0659	24.4557
276	27.04	26.0655	24.4552
277	27.04	26.0652	24.4548
278	27.04	26.0648	24.4544
279	27.04	26.0644	24.4540
280	27.04	26.0641	24.4536
281	27.04	26.0637	24.4532
282	27.04	26.0633	24.4528
283	27.04	26.0630	24.4524
284	27.04	26.0626	24.4521
285	27.04	26.0623	24.4517
286	27.04	26.0619	24.4513
287	27.04	26.0616	24.4509
288	27.04	26.0612	24.4506
289	27.04	26.0609	24.4502
290	27.04	26.0605	24.4498
291	27.04	26.0602	24.4495
292	27.04	26.0598	24.4491
293	27.04	26.0595	24.4488
294	27.04	26.0591	24.4484
295	27.04	26.0588	24.4481
296	27.04	26.0584	24.4477
297	27.04	26.0581	24.4474
298	27.04	26.0577	24.4471
299	27.04	26.0574	24.4467
300	27.04	26.0570	24.4464
301	27.04	26.0567	24.4461
302	27.04	26.0564	24.4458
303	27.04	26.0560	24.4455
304	27.04	26.0557	24.4451
305	27.04	26.0553	24.4448
306	27.04	26.0550	24.4445
307	27.04	26.0546	24.4442
308	27.04	26.0543	24.4439
309	27.04	26.0539	24.4436
310	27.04	26.0536	24.4433
311	27.04	26.0532	24.4430
312	27.04	26.0529	24.4427
313	27.04	26.0525	24.4424
314	27.04	26.0522	24.4421
315	27.04	26.0518	24.4419
316	27.04	26.0515	24.4416
317	27.04	26.0511	24.4413
318	27.04	26.0508	24.4410
319	27.04	26.0504	24.4407
320	27.04	26.0501	24.4405
321	27.04	26.0497	24.4402
322	27.04	26.0494	24.4399
323	27.04	26.0490	24.4397
324	27.04	26.0486	24.4394
325	27.04	26.0483	24.4391
326	27.04	26.0479	24.4389
327	27.04	26.0476	24.4386
328	27.04	26.0472	24.4384
329	27.04	26.0468	24.4381
330	27.04	26.0465	24.4378
331	27.04	26.0461	24.4376
332	27.04	26.0457	24.4374
333	27.04	26.0454	24.4371
334	27.04	26.0450	24.4369
335	27.04	26.0446	24.4366
336	27.04	26.0443	24.4364
337	27.04	26.0439	24.4362
338	27.04	26.0435	24.4359
339	27.04	26.0432	24.4357
340	27.04	26.0428	24.4355
341	27.04	26.0424	24.4352
342	27.04	26.0421	24.4350
343	27.04	26.0417	24.4348
344	27.04	26.0413	24.4346
345	27.04	26.0409	24.4343
346	27.04	26.0406	24.4341
347	27.04	26.0402	24.4339
348	27.04	26.0398	24.4337
349	27.04	26.0394	24.4335
350	27.04	26.0391	24.4333
351	27.04	26.0387	24.4331
352	27.04	26.0383	24.4329
353	27.04	26.0379	24.4327
354	27.04	26.0376	24.4325
355	27.04	26.0372	24.4323
356	27.04	26.0368	24.4321
357	27.04	26.0365	24.4319
358	27.04	26.0361	24.4317
359	27.04	26.0357	24.4315
360	27.04	26.0354	24.4313
361	27.04	26.0350	24.4311
362	27.04	26.0346	24.4309
363	27.04	26.0343	24.4307
364	27.04	26.0339	24.4305
365	27.04	26.0335	24.4303
366	27.04	26.0332	24.4302
367	27.04	26.0328	24.4300
368	27.04	26.0324	24.4298
369	27.04	26.0321	24.4296
370	27.04	26.0317	24.4294
371	27.04	26.0314	24.4292
372	27.04	26.0310	24.4291
373	27.04	26.0307	24.4289
374	27.04	26.0303	24.4287
375	27.04	26.0300	24.4285
376	27.04	26.0297	24.4284
377	27.04	26.0293	24.4282
378	27.04	26.0290	24.4280
379	27.04	26.0286	24.4278
380	27.04	26.0283	24.4277
381	27.04	26.0280	24.4275
382	27.04	26.0277	24.4273
383	27.04	26.0273	24.4272
384	27.04	26.0270	24.4270
385	27.04	26.0267	24.4268
386	27.04	26.0264	24.4267
387	27.04	26.0261	24.4265
388	27.04	26.0258	24.4263
389	27.04	26.0255	24.4262
390	27.04	26.0252	24.4260
391	27.04	26.0249	24.4259
392	27.04	26.0246	24.4257
393	27.04	26.0243	24.4255
394	27.04	26.0240	24.4254
395	27.04	26.0237	24.4252
396	27.04	26.0234	24.4251
397	27.04	26.0232	24.4249
398	27.04	26.0229	24.4248
399	27.04	26.0226	24.4246
400	27.04	26.0224	24.4245
401	27.04	26.0221	24.4243
402	27.04	26.0218	24.4242
403	27.04	26.0216	24.4240
404	27.04	26.0213	24.4239
405	27.04	26.0211	24.4237
406	27.04	26.0208	24.4236
407	27.04	26.0206	24.4234
408	27.04	26.0204	24.4233
409	27.04	26.0201	24.4232
410	27.04	26.0199	24.4230
411	27.04	26.0197	24.4229
412	27.04	26.0194	24.4227
413	27.04	26.0192	24.4226
414	27.04	26.0190	24.4224
415	27.04	26.0188	24.4223
416	27.04	26.0186	24.4222
417	27.04	26.0183	24.4220
418	27.04	26.0181	24.4219
419	27.04	26.0179	24.4217
420	27.04	26.0177	24.4216
421	27.04	26.0175	24.4215
422	27.04	26.0173	24.4213
423	27.04	26.0171	24.4212
424	27.04	26.0169	24.4211
425	27.04	26.0167	24.4209
426	27.04	26.0165	24.4208
427	27.04	26.0163	24.4207
428	27.04	26.0161	24.4205
429	27.04	26.0160	24.4204
430	27.04	26.0158	24.4203
431	27.04	26.0156	24.4201
432	27.04	26.0154	24.4200
433	27.04	26.0152	24.4199
434	27.04	26.0150	24.4198
435	27.04	26.0149	24.4196
436	27.04	26.0147	24.4195
437	27.04	26.0145	24.4194
438	27.04	26.0143	24.4193
439	27.04	26.0142	24.4191
440	27.04	26.0140	24.4190
441	27.04	26.0138	24.4189
442	27.04	26.0137	24.4187
443	27.04	26.0135	24.4186
444	27.04	26.0133	24.4185
445	27.04	26.0131	24.4184
446	27.04	26.0130	24.4183
447	27.04	26.0128	24.4181
448	27.04	26.0126	24.4180
449	27.04	26.0125	24.4179
450	27.04	26.0123	24.4178
451	27.04	26.0122	24.4176
452	27.04	26.0120	24.4175
453	27.04	26.0118	24.4174
454	27.04	26.0117	24.4173
455	27.04	26.0115	24.4172
456	27.04	26.0114	24.4171
457	27.04	26.0112	24.4169
458	27.04	26.0110	24.4168
459	27.04	26.0109	24.4167
460	27.04	26.0107	24.4166
461	27.04	26.0106	24.4165
462	27.04	26.0104	24.4164
463	27.04	26.0103	24.4162
464	27.04	26.0101	24.4161
465	27.04	26.0100	24.4160
466	27.04	26.0098	24.4159
467	27.04	26.0097	24.4158
468	27.04	26.0095	24.4157
469	27.04	26.0094	24.4156
470	27.04	26.0092	24.4154
471	27.04	26.0091	24.4153
472	27.04	26.0089	24.4152
473	27.04	26.0088	24.4151
474	27.04	26.0086	24.4150
475	27.04	26.0085	24.4149
476	27.04	26.0083	24.4148
477	27.04	26.0082	24.4147
478	27.04	26.0080	24.4146
479	27.04	26.0079	24.4144
480	27.04	26.0077	24.4143
481	27.04	26.0076	24.4142
482	27.04	26.0074	24.4141
483	27.04	26.0073	24.4140
484	27.04	26.0072	24.4139
485	27.04	26.0070	24.4138
486	27.04	26.0069	24.4137
487	27.04	26.0067	24.4136
488	27.04	26.0066	24.4135
489	27.04	26.0064	24.4134
490	27.04	26.0063	24.4133
491	27.04	26.0061	24.4132
492	27.04	26.0060	24.4131
493	27.04	26.0059	24.4129
494	27.04	26.0057	24.4128
495	27.04	26.0056	24.4127
496	27.04	26.0054	24.4126
497	27.04	26.0053	24.4125
498	27.04	26.0052	24.4124
499	27.04	26.0050	24.4123
500	27.04	26.0049	24.4122
501	27.04	26.0047	24.4121
502	27.04	26.0046	24.4120
503	27.04	26.0045	24.4119
504	27.04	26.0043	24.4118
505	27.04	26.0042	24.4117
506	27.04	26.0040	24.4116
507	27.04	26.0039	24.4115
508	27.04	26.0038	24.4114
509	27.04	26.0036	24.4113
510	27.04	26.0035	24.4112
511	27.04	26.0034	24.4111
512	27.04	26.0032	24.4110
513	27.04	26.0031	24.4109
514	27.04	26.0030	24.4108
515	27.04	26.0029	24.4106
516	27.04	26.0027	24.4105
517	27.04	26.0026	24.4104
518	27.04	26.0025	24.4103
519	27.04	26.0023	24.4102
520	27.04	26.0022	24.4101
521	27.04	26.0021	24.4100
522	27.04	26.0020	24.4099
523	27.04	26.0018	24.4098
524	27.04	26.0017	24.4097
525	27.04	26.0016	24.4096
526	27.04	26.0014	24.4095
527	27.04	26.0013	24.4094
528	27.04	26.0012	24.4093
529	27.04	26.0011	24.4092
530	27.04	26.0010	24.4091
531	27.04	26.0008	24.4090
532	27.04	26.0007	24.4089
533	27.04	26.0006	24.4088
534	27.04	26.0005	24.4087
535	27.04	26.0003	24.4086
536	27.04	26.0002	24.4085
537	27.04	26.0001	24.4084
538	27.04	26.0000	24.4083
539	27.04	25.9999	24.4082
540	27.04	25.9997	24.4081
541	27.04	25.9996	24.4080
542	27.04	25.9995	24.4079
543	27.04	25.9994	24.4078
544	27.04	25.9993	24.4077
545	27.04	25.9992	24.4076
546	27.04	25.9991	24.4075
547	27.04	25.9990	24.4074
548	27.04	25.9988	24.4073
549	27.04	25.9987	24.4072
550	27.04	25.9986	24.4071
551	27.04	25.9985	24.4070
552	27.04	25.9984	24.4069
553	27.04	25.9983	24.4068
554	27.04	25.9982	24.4067
555	27.04	25.9981	24.4066
556	27.04	25.9980	24.4065
557	27.04	25.9979	24.4065
558	27.04	25.9978	24.4064
559	27.04	25.9977	24.4063
560	27.04	25.9976	24.4062
561	27.04	25.9975	24.4061
562	27.04	25.9974	24.4060
563	27.04	25.9973	24.4059
564	27.04	25.9972	24.4058
565	27.04	25.9971	24.4057
566	27.04	25.9969	24.4056
567	27.04	25.9968	24.4055
568	27.04	25.9968	24.4054
569	27.04	25.9967	24.4053
570	27.04	25.9966	24.4052
571	27.04	25.9965	24.4051
572	27.04	25.9964	24.4050
573	27.04	25.9963	24.4050
574	27.04	25.9962	24.4049
575	27.04	25.9961	24.4048
576	27.04	25.9960	24.4047
577	27.04	25.9959	24.4046
578	27.04	25.9958	24.4045
579	27.04	25.9957	24.4044
580	27.04	25.9956	24.4043
581	27.04	25.9955	24.4042
582	27.04	25.9954	24.4041
583	27.04	25.9953	24.4041
584	27.04	25.9952	24.4040
585	27.04	25.9951	24.4039
586	27.04	25.9950	24.4038
587	27.04	25.9950	24.4037
588	27.04	25.9949	24.4036
589	27.04	25.9948	24.4035
590	27.04	25.9947	24.4034
591	27.04	25.9946	24.4034
592	27.04	25.9945	24.4033
593	27.04	25.9944	24.4032
594	27.04	25.9943	24.4031
595	27.04	25.9943	24.4030
596	27.04	25.9942	24.4029
597	27.04	25.9941	24.4029
598	27.04	25.9940	24.4028
599	27.04	25.9939	24.4027
600	27.04	25.9938	24.4026
601	27.04	25.9937	24.4025
602	27.04	25.9937	24.4025
603	27.04	25.9936	24.4024
604	27.04	25.9935	24.4023
605	27.04	25.9934	24.4022
606	27.04	25.9933	24.4021
607	27.04	25.9932	24.4021
608	27.04	25.9932	24.4020
609	27.04	25.9931	24.4019
610	27.04	25.9930	24.4018
611	27.04	25.9929	24.4018
612	27.04	25.9928	24.4017
613	27.04	25.9927	24.4016
614	27.04	25.9927	24.4015
615	27.04	25.9926	24.4015
616	27.04	25.9925	24.4014
617	27.04	25.9924	24.4013
618	27.04	25.9923	24.4012
619	27.04	25.9923	24.4012
620	27.04	25.9922	24.4011
621	27.04	25.9921	24.4010
622	27.04	25.9920	24.4009
623	27.04	25.9919	24.4009
624	27.04	25.9919	24.4008
625	27.04	25.9918	24.4007
626	27.04	25.9917	24.4006
627	27.04	25.9916	24.4006
628	27.04	25.9916	24.4005
629	27.04	25.9915	24.4004
630	27.04	25.9914	24.4003
631	27.04	25.9913	24.4003
632	27.04	25.9912	24.4002
633	27.04	25.9912	24.4001
634	27.04	25.9911	24.4001
635	27.04	25.9910	24.4000
636	27.04	25.9909	24.3999
637	27.04	25.9909	24.3998
638	27.04	25.9908	24.3998
639	27.04	25.9907	24.3997
640	27.04	25.9906	24.3996
641	27.04	25.9906	24.3996
642	27.04	25.9905	24.3995
643	27.04	25.9904	24.3994
644	27.04	25.9903	24.3994
645	27.04	25.9902	24.3993
646	27.04	25.9902	24.3992
647	27.04	25.9901	24.3992
648	27.04	25.9900	24.3991
649	27.04	25.9899	24.3990
650	27.04	25.9899	24.3990
651	27.04	25.9898	24.3989
652	27.04	25.9897	24.3989
653	27.04	25.9896	24.3988
654	27.04	25.9896	24.3987
655	27.04	25.9895	24.3987
656	27.04	25.9894	24.3986
657	27.04	25.9893	24.3985
658	27.04	25.9893	24.3985
659	27.04	25.9892	24.3984
660	27.04	25.9891	24.3984
661	27.04	25.9890	24.3983
662	27.04	25.9890	24.3983
663	27.04	25.9889	24.3982
664	27.04	25.9888	24.3981
665	27.04	25.9888	24.3981
666	27.04	25.9887	24.3980
667	27.04	25.9886	24.3980
668	27.04	25.9885	24.3979
669	27.04	25.9885	24.3979
670	27.04	25.9884	24.3978
671	27.04	25.9883	24.3978
672	27.04	25.9883	24.3977
673	27.04	25.9882	24.3976
674	27.04	25.9881	24.3976
675	27.04	25.9880	24.3975
676	27.04	25.9880	24.3975
677	27.04	25.9879	24.3974
678	27.04	25.9878	24.3974
679	27.04	25.9878	24.3973
680	27.04	25.9877	24.3973
681	27.04	25.9876	24.3972
682	27.04	25.9876	24.3972
683	27.04	25.9875	24.3971
684	27.04	25.9874	24.3971
685	27.04	25.9873	24.3970
686	27.04	25.9873	24.3970
687	27.04	25.9872	24.3969
688	27.04	25.9871	24.3969
689	27.04	25.9871	24.3968
690	27.04	25.9870	24.3968
691	27.04	25.9869	24.3967
692	27.04	25.9869	24.3966
693	27.04	25.9868	24.3966
694	27.04	25.9867	24.3965
695	27.04	25.9866	24.3965
696	27.04	25.9866	24.3964
697	27.04	25.9865	24.3964
698	27.04	25.9864	24.3963
699	27.04	25.9864	24.3963
700	27.04	25.9863	24.3962
701	27.04	25.9862	24.3962
702	27.04	25.9861	24.3961
703	27.04	25.9861	24.3961
704	27.04	25.9860	24.3960
705	27.04	25.9859	24.3960
706	27.04	25.9859	24.3959
707	27.04	25.9858	24.3959
708	27.04	25.9857	24.3958
709	27.04	25.9857	24.3958
710	27.04	25.9856	24.3957
711	27.04	25.9855	24.3957
712	27.04	25.9854	24.3956
713	27.04	25.9854	24.3956
714	27.04	25.9853	24.3955
715	27.04	25.9852	24.3955
716	27.04	25.9852	24.3954
717	27.04	25.9851	24.3954
718	27.04	25.9850	24.3953
719	27.04	25.9850	24.3953
720	27.04	25.9849	24.3952
721	27.04	25.9848	24.3952
722	27.04	25.9848	24.3952
723	27.04	25.9847	24.3951
724	27.04	25.9846	24.3951
725	27.04	25.9845	24.3950
726	27.04	25.9845	24.3950
727	27.04	25.9844	24.3949
728	27.04	25.9843	24.3949
729	27.04	25.9843	24.3948
730	27.04	25.9842	24.3948
731	27.04	25.9841	24.3947
732	27.04	25.9841	24.3947
733	27.04	25.9840	24.3946
734	27.04	25.9839	24.3946
735	27.04	25.9839	24.3945
736	27.04	25.9838	24.3945
737	27.04	25.9837	24.3945
738	27.04	25.9836	24.3944
739	27.04	25.9836	24.3944
740	27.04	25.9835	24.3943
741	27.04	25.9834	24.3943
742	27.04	25.9834	24.3942
743	27.04	25.9833	24.3942
744	27.04	25.9832	24.3941
745	27.04	25.9832	24.3941
746	27.04	25.9831	24.3940
747	27.04	25.9830	24.3940
748	27.04	25.9830	24.3939
749	27.04	25.9829	24.3939
750	27.04	25.9828	24.3939
751	27.04	25.9828	24.3938
752	27.04	25.9827	24.3938
753	27.04	25.9826	24.3937
754	27.04	25.9825	24.3937
755	27.04	25.9825	24.3936
756	27.04	25.9824	24.3936
757	27.04	25.9823	24.3935
758	27.04	25.9823	24.3935
759	27.04	25.9822	24.3935
760	27.04	25.9821	24.3934
761	27.04	25.9821	24.3934
762	27.04	25.9820	24.3933
763	27.04	25.9819	24.3933
764	27.04	25.9819	24.3932
765	27.04	25.9818	24.3932
766	27.04	25.9817	24.3931
767	27.04	25.9816	24.3931
768	27.04	25.9816	24.3930
769	27.04	25.9815	24.3930
770	27.04	25.9814	24.3930
771	27.04	25.9814	24.3929
772	27.04	25.9813	24.3929
773	27.04	25.9812	24.3928
774	27.04	25.9812	24.3928
775	27.04	25.9811	24.3927
776	27.04	25.9810	24.3927
777	27.04	25.9810	24.3926
778	27.04	25.9809	24.3926
779	27.04	25.9808	24.3925
780	27.04	25.9808	24.3925
781	27.04	25.9807	24.3924
782	27.04	25.9806	24.3924
783	27.04	25.9806	24.3924
784	27.04	25.9805	24.3923
785	27.04	25.9804	24.3923
786	27.04	25.9804	24.3922
787	27.04	25.9803	24.3922
788	27.04	25.9802	24.3921
789	27.04	25.9802	24.3921
790	27.04	25.9801	24.3920
791	27.04	25.9800	24.3920
792	27.04	25.9800	24.3919
793	27.04	25.9799	24.3919
794	27.04	25.9798	24.3918
795	27.04	25.9798	24.3918
796	27.04	25.9797	24.3917
797	27.04	25.9796	24.3917
798	27.04	25.9796	24.3916
799	27.04	25.9795	24.3916
800	27.04	25.9794	24.3915
801	27.04	25.9794	24.3915
802	27.04	25.9793	24.3915
803	27.04	25.9792	24.3914
804	27.04	25.9792	24.3914
805	27.04	25.9791	24.3913
806	27.04	25.9791	24.3913
807	27.04	25.9790	24.3912
808	27.04	25.9789	24.3912
809	27.04	25.9789	24.3911
810	27.04	25.9788	24.3911
811	27.04	25.9787	24.3910
812	27.04	25.9787	24.3910
813	27.04	25.9786	24.3909
814	27.04	25.9786	24.3909
815	27.04	25.9785	24.3909
816	27.04	25.9784	24.3908
817	27.04	25.9784	24.3908
818	27.04	25.9783	24.3907
819	27.04	25.9782	24.3907
820	27.04	25.9782	24.3906
821	27.04	25.9781	24.3906
822	27.04	25.9781	24.3905
823	27.04	25.9780	24.3905
824	27.04	25.9780	24.3904
825	27.04	25.9779	24.3904
826	27.04	25.9778	24.3903
827	27.04	25.9778	24.3903
828	27.04	25.9777	24.3902
829	27.04	25.9777	24.3902
830	27.04	25.9776	24.3901
831	27.04	25.9776	24.3901
832	27.04	25.9775	24.3901
833	27.04	25.9774	24.3900
834	27.04	25.9774	24.3900
835	27.04	25.9773	24.3899
836	27.04	25.9773	24.3899
837	27.04	25.9772	24.3898
838	27.04	25.9772	24.3898
839	27.04	25.9771	24.3897
840	27.04	25.9771	24.3897
841	27.04	25.9770	24.3896
842	27.04	25.9770	24.3896
843	27.04	25.9769	24.3895
844	27.04	25.9769	24.3895
845	27.04	25.9768	24.3894
846	27.04	25.9768	24.3894
847	27.04	25.9767	24.3893
848	27.04	25.9767	24.3893
849	27.04	25.9766	24.3892
850	27.04	25.9766	24.3892
851	27.04	25.9765	24.3891
852	27.04	25.9765	24.3891
853	27.04	25.9764	24.3890
854	27.04	25.9764	24.3890
855	27.04	25.9763	24.3889
856	27.04	25.9763	24.3889
857	27.04	25.9762	24.3888
858	27.04	25.9762	24.3888
859	27.04	25.9761	24.3887
860	27.04	25.9761	24.3887
861	27.04	25.9761	24.3886
862	27.04	25.9760	24.3886
863	27.04	25.9760	24.3885
864	27.04	25.9759	24.3885
865	27.04	25.9759	24.3884
866	27.04	25.9758	24.3884
867	27.04	25.9758	24.3883
868	27.04	25.9757	24.3883
869	27.04	25.9757	24.3882
870	27.04	25.9757	24.3882
871	27.04	25.9756	24.3881
872	27.04	25.9756	24.3881
873	27.04	25.9755	24.3880
874	27.04	25.9755	24.3880
875	27.04	25.9755	24.3879
876	27.04	25.9754	24.3879
877	27.04	25.9754	24.3878
878	27.04	25.9753	24.3878
879	27.04	25.9753	24.3877
880	27.04	25.9753	24.3877
881	27.04	25.9752	24.3876
882	27.04	25.9752	24.3876
883	27.04	25.9751	24.3875
884	27.04	25.9751	24.3875
885	27.04	25.9751	24.3874
886	27.04	25.9750	24.3874
887	27.04	25.9750	24.3873
888	27.04	25.9750	24.3873
889	27.04	25.9749	24.3872
890	27.04	25.9749	24.3872
891	27.04	25.9748	24.3871
892	27.04	25.9748	24.3871
893	27.04	25.9748	24.3870
894	27.04	25.9747	24.3870
895	27.04	25.9747	24.3869
896	27.04	25.9747	24.3869
897	27.04	25.9746	24.3868
898	27.04	25.9746	24.3868
899	27.04	25.9746	24.3867
900	27.04	25.9745	24.3867
901	27.04	25.9745	24.3866
902	27.04	25.9745	24.3866
903	27.04	25.9744	24.3865
904	27.04	25.9744	24.3865
905	27.04	25.9744	24.3864
906	27.04	25.9743	24.3864
907	27.04	25.9743	24.3863
908	27.04	25.9743	24.3863
909	27.04	25.9742	24.3862
910	27.04	25.9742	24.3862
911	27.04	25.9742	24.3861
912	27.04	25.9742	24.3861
913	27.04	25.9741	24.3860
914	27.04	25.9741	24.3860
915	27.04	25.9741	24.3859
916	27.04	25.9740	24.3859
917	27.04	25.9740	24.3858
918	27.04	25.9740	24.3858
919	27.04	25.9739	24.3857
920	27.04	25.9739	24.3857
921	27.04	25.9739	24.3856
922	27.04	25.9738	24.3856
923	27.04	25.9738	24.3855
924	27.04	25.9738	24.3855
925	27.04	25.9738	24.3854
926	27.04	25.9737	24.3854
927	27.04	25.9737	24.3854
928	27.04	25.9737	24.3853
929	27.04	25.9736	24.3853
930	27.04	25.9736	24.3852
931	27.04	25.9736	24.3852
932	27.04	25.9736	24.3851
933	27.04	25.9735	24.3851
934	27.04	25.9735	24.3850
935	27.04	25.9735	24.3850
936	27.04	25.9735	24.3850
937	27.04	25.9734	24.3849
938	27.04	25.9734	24.3849
939	27.04	25.9734	24.3848
940	27.04	25.9733	24.3848
941	27.04	25.9733	24.3848
942	27.04	25.9733	24.3847
943	27.04	25.9733	24.3847
944	27.04	25.9732	24.3846
945	27.04	25.9732	24.3846
946	27.04	25.9732	24.3846
947	27.04	25.9732	24.3845
948	27.04	25.9731	24.3845
949	27.04	25.9731	24.3844
950	27.04	25.9731	24.3844
951	27.04	25.9731	24.3844
952	27.04	25.9730	24.3843
953	27.04	25.9730	24.3843
954	27.04	25.9730	24.3842
955	27.04	25.9730	24.3842
956	27.04	25.9729	24.3842
957	27.04	25.9729	24.3841
958	27.04	25.9729	24.3841
959	27.04	25.9729	24.3841
960	27.04	25.9728	24.3840
961	27.04	25.9728	24.3840
962	27.04	25.9728	24.3840
963	27.04	25.9728	24.3839
964	27.04	25.9727	24.3839
965	27.04	25.9727	24.3839
966	27.04	25.9727	24.3838
967	27.04	25.9727	24.3838
968	27.04	25.9727	24.3838
969	27.04	25.9726	24.3837
970	27.04	25.9726	24.3837
971	27.04	25.9726	24.3837
972	27.04	25.9726	24.3836
973	27.04	25.9725	24.3836
974	27.04	25.9725	24.3836
975	27.04	25.9725	24.3835
976	27.04	25.9725	24.3835
977	27.04	25.9724	24.3835
978	27.04	25.9724	24.3834
979	27.04	25.9724	24.3834
980	27.04	25.9724	24.3834
981	27.04	25.9724	24.3833
982	27.04	25.9723	24.3833
983	27.04	25.9723	24.3833
984	27.04	25.9723	24.3832
985	27.04	25.9723	24.3832
986	27.04	25.9722	24.3832
987	27.04	25.9722	24.3831
988	27.04	25.9722	24.3831
989	27.04	25.9722	24.3831
990	27.04	25.9722	24.3830
991	27.04	25.9721	24.3830
992	27.04	25.9721	24.3830
993	27.04	25.9721	24.3829
994	27.04	25.9721	24.3829
995	27.04	25.9721	24.3829
996	27.04	25.9720	24.3829
997	27.04	25.9720	24.3828
998	27.04	25.9720	24.3828
