iter	dst	dct	klt_sep	klt_nsep	rdot_sep	rdot_nsep
0	34.95	36.23	34.87	34.49	34.9414	34.9499
1	34.95	36.23	34.87	34.49	34.9246	34.8622
2	34.95	36.23	34.87	34.49	34.9117	34.7930
3	34.95	36.23	34.87	34.49	34.9011	34.7346
4	34.95	36.23	34.87	34.49	34.8921	34.6838
5	34.95	36.23	34.87	34.49	34.8842	34.6386
6	34.95	36.23	34.87	34.49	34.8772	34.5977
7	34.95	36.23	34.87	34.49	34.8709	34.5603
8	34.95	36.23	34.87	34.49	34.8652	34.5259
9	34.95	36.23	34.87	34.49	34.8600	34.4939
10	34.95	36.23	34.87	34.49	34.8552	34.4640
11	34.95	36.23	34.87	34.49	34.8508	34.4358
12	34.95	36.23	34.87	34.49	34.8467	34.4092
13	34.95	36.23	34.87	34.49	34.8429	34.3840
14	34.95	36.23	34.87	34.49	34.8393	34.3600
15	34.95	36.23	34.87	34.49	34.8360	34.3371
16	34.95	36.23	34.87	34.49	34.8328	34.3151
17	34.95	36.23	34.87	34.49	34.8299	34.2941
18	34.95	36.23	34.87	34.49	34.8271	34.2739
19	34.95	36.23	34.87	34.49	34.8245	34.2545
20	34.95	36.23	34.87	34.49	34.8220	34.2358
21	34.95	36.23	34.87	34.49	34.8196	34.2178
22	34.95	36.23	34.87	34.49	34.8173	34.2004
23	34.95	36.23	34.87	34.49	34.8152	34.1836
24	34.95	36.23	34.87	34.49	34.8131	34.1673
25	34.95	36.23	34.87	34.49	34.8111	34.1516
26	34.95	36.23	34.87	34.49	34.8092	34.1364
27	34.95	36.23	34.87	34.49	34.8074	34.1216
28	34.95	36.23	34.87	34.49	34.8056	34.1073
29	34.95	36.23	34.87	34.49	34.8040	34.0934
30	34.95	36.23	34.87	34.49	34.8023	34.0798
31	34.95	36.23	34.87	34.49	34.8008	34.0666
32	34.95	36.23	34.87	34.49	34.7992	34.0537
33	34.95	36.23	34.87	34.49	34.7978	34.0411
34	34.95	36.23	34.87	34.49	34.7963	34.0288
35	34.95	36.23	34.87	34.49	34.7949	34.0167
36	34.95	36.23	34.87	34.49	34.7935	34.0049
37	34.95	36.23	34.87	34.49	34.7922	33.9934
38	34.95	36.23	34.87	34.49	34.7909	33.9822
39	34.95	36.23	34.87	34.49	34.7896	33.9712
40	34.95	36.23	34.87	34.49	34.7884	33.9604
41	34.95	36.23	34.87	34.49	34.7871	33.9499
42	34.95	36.23	34.87	34.49	34.7859	33.9397
43	34.95	36.23	34.87	34.49	34.7847	33.9297
44	34.95	36.23	34.87	34.49	34.7835	33.9199
45	34.95	36.23	34.87	34.49	34.7823	33.9103
46	34.95	36.23	34.87	34.49	34.7812	33.9009
47	34.95	36.23	34.87	34.49	34.7800	33.8917
48	34.95	36.23	34.87	34.49	34.7789	33.8827
49	34.95	36.23	34.87	34.49	34.7777	33.8739
50	34.95	36.23	34.87	34.49	34.7766	33.8653
51	34.95	36.23	34.87	34.49	34.7755	33.8569
52	34.95	36.23	34.87	34.49	34.7744	33.8487
53	34.95	36.23	34.87	34.49	34.7733	33.8407
54	34.95	36.23	34.87	34.49	34.7721	33.8329
55	34.95	36.23	34.87	34.49	34.7710	33.8253
56	34.95	36.23	34.87	34.49	34.7699	33.8178
57	34.95	36.23	34.87	34.49	34.7688	33.8105
58	34.95	36.23	34.87	34.49	34.7677	33.8034
59	34.95	36.23	34.87	34.49	34.7666	33.7964
60	34.95	36.23	34.87	34.49	34.7654	33.7895
61	34.95	36.23	34.87	34.49	34.7643	33.7828
62	34.95	36.23	34.87	34.49	34.7632	33.7762
63	34.95	36.23	34.87	34.49	34.7620	33.7698
64	34.95	36.23	34.87	34.49	34.7609	33.7635
65	34.95	36.23	34.87	34.49	34.7597	33.7573
66	34.95	36.23	34.87	34.49	34.7585	33.7512
67	34.95	36.23	34.87	34.49	34.7573	33.7452
68	34.95	36.23	34.87	34.49	34.7561	33.7394
69	34.95	36.23	34.87	34.49	34.7549	33.7337
70	34.95	36.23	34.87	34.49	34.7537	33.7281
71	34.95	36.23	34.87	34.49	34.7525	33.7226
72	34.95	36.23	34.87	34.49	34.7512	33.7172
73	34.95	36.23	34.87	34.49	34.7499	33.7120
74	34.95	36.23	34.87	34.49	34.7487	33.7068
75	34.95	36.23	34.87	34.49	34.7474	33.7017
76	34.95	36.23	34.87	34.49	34.7461	33.6967
77	34.95	36.23	34.87	34.49	34.7447	33.6919
78	34.95	36.23	34.87	34.49	34.7434	33.6871
79	34.95	36.23	34.87	34.49	34.7420	33.6824
80	34.95	36.23	34.87	34.49	34.7407	33.6777
81	34.95	36.23	34.87	34.49	34.7393	33.6732
82	34.95	36.23	34.87	34.49	34.7379	33.6688
83	34.95	36.23	34.87	34.49	34.7364	33.6645
84	34.95	36.23	34.87	34.49	34.7350	33.6602
85	34.95	36.23	34.87	34.49	34.7335	33.6560
86	34.95	36.23	34.87	34.49	34.7320	33.6519
87	34.95	36.23	34.87	34.49	34.7304	33.6479
88	34.95	36.23	34.87	34.49	34.7289	33.6439
89	34.95	36.23	34.87	34.49	34.7273	33.6401
90	34.95	36.23	34.87	34.49	34.7257	33.6363
91	34.95	36.23	34.87	34.49	34.7241	33.6325
92	34.95	36.23	34.87	34.49	34.7225	33.6289
93	34.95	36.23	34.87	34.49	34.7208	33.6253
94	34.95	36.23	34.87	34.49	34.7191	33.6218
95	34.95	36.23	34.87	34.49	34.7174	33.6183
96	34.95	36.23	34.87	34.49	34.7156	33.6150
97	34.95	36.23	34.87	34.49	34.7139	33.6117
98	34.95	36.23	34.87	34.49	34.7121	33.6084
99	34.95	36.23	34.87	34.49	34.7103	33.6053
100	34.95	36.23	34.87	34.49	34.7084	33.6022
101	34.95	36.23	34.87	34.49	34.7066	33.5992
102	34.95	36.23	34.87	34.49	34.7047	33.5962
103	34.95	36.23	34.87	34.49	34.7028	33.5933
104	34.95	36.23	34.87	34.49	34.7009	33.5905
105	34.95	36.23	34.87	34.49	34.6989	33.5877
106	34.95	36.23	34.87	34.49	34.6969	33.5850
107	34.95	36.23	34.87	34.49	34.6949	33.5823
108	34.95	36.23	34.87	34.49	34.6929	33.5797
109	34.95	36.23	34.87	34.49	34.6909	33.5771
110	34.95	36.23	34.87	34.49	34.6888	33.5745
111	34.95	36.23	34.87	34.49	34.6868	33.5720
112	34.95	36.23	34.87	34.49	34.6847	33.5696
113	34.95	36.23	34.87	34.49	34.6825	33.5671
114	34.95	36.23	34.87	34.49	34.6804	33.5647
115	34.95	36.23	34.87	34.49	34.6782	33.5624
116	34.95	36.23	34.87	34.49	34.6760	33.5600
117	34.95	36.23	34.87	34.49	34.6738	33.5577
118	34.95	36.23	34.87	34.49	34.6716	33.5554
119	34.95	36.23	34.87	34.49	34.6693	33.5531
120	34.95	36.23	34.87	34.49	34.6670	33.5508
121	34.95	36.23	34.87	34.49	34.6647	33.5486
122	34.95	36.23	34.87	34.49	34.6624	33.5464
123	34.95	36.23	34.87	34.49	34.6600	33.5441
124	34.95	36.23	34.87	34.49	34.6577	33.5419
125	34.95	36.23	34.87	34.49	34.6553	33.5398
126	34.95	36.23	34.87	34.49	34.6529	33.5376
127	34.95	36.23	34.87	34.49	34.6505	33.5354
128	34.95	36.23	34.87	34.49	34.6481	33.5332
129	34.95	36.23	34.87	34.49	34.6457	33.5311
130	34.95	36.23	34.87	34.49	34.6432	33.5289
131	34.95	36.23	34.87	34.49	34.6408	33.5268
132	34.95	36.23	34.87	34.49	34.6383	33.5246
133	34.95	36.23	34.87	34.49	34.6358	33.5225
134	34.95	36.23	34.87	34.49	34.6333	33.5204
135	34.95	36.23	34.87	34.49	34.6308	33.5183
136	34.95	36.23	34.87	34.49	34.6283	33.5162
137	34.95	36.23	34.87	34.49	34.6258	33.5141
138	34.95	36.23	34.87	34.49	34.6232	33.5119
139	34.95	36.23	34.87	34.49	34.6207	33.5098
140	34.95	36.23	34.87	34.49	34.6182	33.5077
141	34.95	36.23	34.87	34.49	34.6157	33.5056
142	34.95	36.23	34.87	34.49	34.6131	33.5036
143	34.95	36.23	34.87	34.49	34.6106	33.5015
144	34.95	36.23	34.87	34.49	34.6081	33.4994
145	34.95	36.23	34.87	34.49	34.6056	33.4973
146	34.95	36.23	34.87	34.49	34.6031	33.4953
147	34.95	36.23	34.87	34.49	34.6007	33.4932
148	34.95	36.23	34.87	34.49	34.5982	33.4911
149	34.95	36.23	34.87	34.49	34.5958	33.4891
150	34.95	36.23	34.87	34.49	34.5934	33.4870
151	34.95	36.23	34.87	34.49	34.5909	33.4850
152	34.95	36.23	34.87	34.49	34.5886	33.4830
153	34.95	36.23	34.87	34.49	34.5862	33.4809
154	34.95	36.23	34.87	34.49	34.5838	33.4789
155	34.95	36.23	34.87	34.49	34.5815	33.4769
156	34.95	36.23	34.87	34.49	34.5792	33.4749
157	34.95	36.23	34.87	34.49	34.5769	33.4729
158	34.95	36.23	34.87	34.49	34.5747	33.4709
159	34.95	36.23	34.87	34.49	34.5725	33.4689
160	34.95	36.23	34.87	34.49	34.5703	33.4669
161	34.95	36.23	34.87	34.49	34.5681	33.4650
162	34.95	36.23	34.87	34.49	34.5659	33.4630
163	34.95	36.23	34.87	34.49	34.5637	33.4611
164	34.95	36.23	34.87	34.49	34.5616	33.4592
165	34.95	36.23	34.87	34.49	34.5595	33.4573
166	34.95	36.23	34.87	34.49	34.5574	33.4554
167	34.95	36.23	34.87	34.49	34.5554	33.4535
168	34.95	36.23	34.87	34.49	34.5533	33.4517
169	34.95	36.23	34.87	34.49	34.5513	33.4498
170	34.95	36.23	34.87	34.49	34.5493	33.4480
171	34.95	36.23	34.87	34.49	34.5473	33.4461
172	34.95	36.23	34.87	34.49	34.5454	33.4443
173	34.95	36.23	34.87	34.49	34.5434	33.4426
174	34.95	36.23	34.87	34.49	34.5415	33.4408
175	34.95	36.23	34.87	34.49	34.5396	33.4391
176	34.95	36.23	34.87	34.49	34.5377	33.4374
177	34.95	36.23	34.87	34.49	34.5359	33.4358
178	34.95	36.23	34.87	34.49	34.5341	33.4342
179	34.95	36.23	34.87	34.49	34.5323	33.4325
180	34.95	36.23	34.87	34.49	34.5305	33.4310
181	34.95	36.23	34.87	34.49	34.5287	33.4294
182	34.95	36.23	34.87	34.49	34.5270	33.4279
183	34.95	36.23	34.87	34.49	34.5253	33.4264
184	34.95	36.23	34.87	34.49	34.5237	33.4250
185	34.95	36.23	34.87	34.49	34.5220	33.4236
186	34.95	36.23	34.87	34.49	34.5204	33.4223
187	34.95	36.23	34.87	34.49	34.5188	33.4209
188	34.95	36.23	34.87	34.49	34.5173	33.4197
189	34.95	36.23	34.87	34.49	34.5157	33.4184
190	34.95	36.23	34.87	34.49	34.5142	33.4172
191	34.95	36.23	34.87	34.49	34.5128	33.4159
192	34.95	36.23	34.87	34.49	34.5113	33.4148
193	34.95	36.23	34.87	34.49	34.5099	33.4136
194	34.95	36.23	34.87	34.49	34.5086	33.4125
195	34.95	36.23	34.87	34.49	34.5072	33.4114
196	34.95	36.23	34.87	34.49	34.5060	33.4103
197	34.95	36.23	34.87	34.49	34.5047	33.4092
198	34.95	36.23	34.87	34.49	34.5035	33.4081
199	34.95	36.23	34.87	34.49	34.5023	33.4071
200	34.95	36.23	34.87	34.49	34.5011	33.4061
201	34.95	36.23	34.87	34.49	34.5000	33.4051
202	34.95	36.23	34.87	34.49	34.4989	33.4041
203	34.95	36.23	34.87	34.49	34.4978	33.4031
204	34.95	36.23	34.87	34.49	34.4967	33.4022
205	34.95	36.23	34.87	34.49	34.4957	33.4012
206	34.95	36.23	34.87	34.49	34.4947	33.4003
207	34.95	36.23	34.87	34.49	34.4937	33.3994
208	34.95	36.23	34.87	34.49	34.4927	33.3985
209	34.95	36.23	34.87	34.49	34.4918	33.3976
210	34.95	36.23	34.87	34.49	34.4908	33.3968
211	34.95	36.23	34.87	34.49	34.4899	33.3959
212	34.95	36.23	34.87	34.49	34.4890	33.3950
213	34.95	36.23	34.87	34.49	34.4881	33.3942
214	34.95	36.23	34.87	34.49	34.4872	33.3934
215	34.95	36.23	34.87	34.49	34.4863	33.3925
216	34.95	36.23	34.87	34.49	34.4854	33.3917
217	34.95	36.23	34.87	34.49	34.4846	33.3909
218	34.95	36.23	34.87	34.49	34.4837	33.3901
219	34.95	36.23	34.87	34.49	34.4829	33.3893
220	34.95	36.23	34.87	34.49	34.4820	33.3886
221	34.95	36.23	34.87	34.49	34.4812	33.3878
222	34.95	36.23	34.87	34.49	34.4803	33.3870
223	34.95	36.23	34.87	34.49	34.4795	33.3863
224	34.95	36.23	34.87	34.49	34.4787	33.3855
225	34.95	36.23	34.87	34.49	34.4778	33.3848
226	34.95	36.23	34.87	34.49	34.4770	33.3840
227	34.95	36.23	34.87	34.49	34.4762	33.3833
228	34.95	36.23	34.87	34.49	34.4754	33.3826
229	34.95	36.23	34.87	34.49	34.4746	33.3819
230	34.95	36.23	34.87	34.49	34.4738	33.3812
231	34.95	36.23	34.87	34.49	34.4729	33.3805
232	34.95	36.23	34.87	34.49	34.4721	33.3798
233	34.95	36.23	34.87	34.49	34.4713	33.3791
234	34.95	36.23	34.87	34.49	34.4706	33.3785
235	34.95	36.23	34.87	34.49	34.4698	33.3778
236	34.95	36.23	34.87	34.49	34.4690	33.3771
237	34.95	36.23	34.87	34.49	34.4682	33.3765
238	34.95	36.23	34.87	34.49	34.4674	33.3758
239	34.95	36.23	34.87	34.49	34.4666	33.3752
240	34.95	36.23	34.87	34.49	34.4658	33.3745
241	34.95	36.23	34.87	34.49	34.4651	33.3739
242	34.95	36.23	34.87	34.49	34.4643	33.3733
243	34.95	36.23	34.87	34.49	34.4635	33.3727
244	34.95	36.23	34.87	34.49	34.4628	33.3721
245	34.95	36.23	34.87	34.49	34.4620	33.3715
246	34.95	36.23	34.87	34.49	34.4612	33.3709
247	34.95	36.23	34.87	34.49	34.4605	33.3703
248	34.95	36.23	34.87	34.49	34.4597	33.3697
249	34.95	36.23	34.87	34.49	34.4590	33.3691
250	34.95	36.23	34.87	34.49	34.4582	33.3685
251	34.95	36.23	34.87	34.49	34.4575	33.3679
252	34.95	36.23	34.87	34.49	34.4567	33.3673
253	34.95	36.23	34.87	34.49	34.4560	33.3668
254	34.95	36.23	34.87	34.49	34.4552	33.3662
255	34.95	36.23	34.87	34.49	34.4545	33.3656
256	34.95	36.23	34.87	34.49	34.4538	33.3651
257	34.95	36.23	34.87	34.49	34.4530	33.3645
258	34.95	36.23	34.87	34.49	34.4523	33.3640
259	34.95	36.23	34.87	34.49	34.4516	33.3634
260	34.95	36.23	34.87	34.49	34.4509	33.3629
261	34.95	36.23	34.87	34.49	34.4502	33.3624
262	34.95	36.23	34.87	34.49	34.4495	33.3618
263	34.95	36.23	34.87	34.49	34.4488	33.3613
264	34.95	36.23	34.87	34.49	34.4481	33.3608
265	34.95	36.23	34.87	34.49	34.4474	33.3602
266	34.95	36.23	34.87	34.49	34.4467	33.3597
267	34.95	36.23	34.87	34.49	34.4460	33.3592
268	34.95	36.23	34.87	34.49	34.4453	33.3587
269	34.95	36.23	34.87	34.49	34.4446	33.3582
270	34.95	36.23	34.87	34.49	34.4440	33.3577
271	34.95	36.23	34.87	34.49	34.4433	33.3572
272	34.95	36.23	34.87	34.49	34.4426	33.3567
273	34.95	36.23	34.87	34.49	34.4420	33.3562
274	34.95	36.23	34.87	34.49	34.4413	33.3557
275	34.95	36.23	34.87	34.49	34.4407	33.3552
276	34.95	36.23	34.87	34.49	34.4400	33.3547
277	34.95	36.23	34.87	34.49	34.4394	33.3542
278	34.95	36.23	34.87	34.49	34.4388	33.3537
279	34.95	36.23	34.87	34.49	34.4381	33.3533
280	34.95	36.23	34.87	34.49	34.4375	33.3528
281	34.95	36.23	34.87	34.49	34.4369	33.3523
282	34.95	36.23	34.87	34.49	34.4363	33.3518
283	34.95	36.23	34.87	34.49	34.4356	33.3513
284	34.95	36.23	34.87	34.49	34.4350	33.3509
285	34.95	36.23	34.87	34.49	34.4344	33.3504
286	34.95	36.23	34.87	34.49	34.4338	33.3499
287	34.95	36.23	34.87	34.49	34.4332	33.3495
288	34.95	36.23	34.87	34.49	34.4326	33.3490
289	34.95	36.23	34.87	34.49	34.4320	33.3485
290	34.95	36.23	34.87	34.49	34.4314	33.3481
291	34.95	36.23	34.87	34.49	34.4308	33.3476
292	34.95	36.23	34.87	34.49	34.4303	33.3472
293	34.95	36.23	34.87	34.49	34.4297	33.3467
294	34.95	36.23	34.87	34.49	34.4291	33.3462
295	34.95	36.23	34.87	34.49	34.4285	33.3458
296	34.95	36.23	34.87	34.49	34.4280	33.3453
297	34.95	36.23	34.87	34.49	34.4274	33.3449
298	34.95	36.23	34.87	34.49	34.4269	33.3444
299	34.95	36.23	34.87	34.49	34.4263	33.3440
300	34.95	36.23	34.87	34.49	34.4258	33.3435
301	34.95	36.23	34.87	34.49	34.4252	33.3430
302	34.95	36.23	34.87	34.49	34.4247	33.3426
303	34.95	36.23	34.87	34.49	34.4242	33.3421
304	34.95	36.23	34.87	34.49	34.4236	33.3417
305	34.95	36.23	34.87	34.49	34.4231	33.3412
306	34.95	36.23	34.87	34.49	34.4226	33.3408
307	34.95	36.23	34.87	34.49	34.4221	33.3403
308	34.95	36.23	34.87	34.49	34.4216	33.3399
309	34.95	36.23	34.87	34.49	34.4211	33.3395
310	34.95	36.23	34.87	34.49	34.4206	33.3390
311	34.95	36.23	34.87	34.49	34.4201	33.3386
312	34.95	36.23	34.87	34.49	34.4196	33.3381
313	34.95	36.23	34.87	34.49	34.4191	33.3377
314	34.95	36.23	34.87	34.49	34.4186	33.3372
315	34.95	36.23	34.87	34.49	34.4182	33.3368
316	34.95	36.23	34.87	34.49	34.4177	33.3364
317	34.95	36.23	34.87	34.49	34.4172	33.3359
318	34.95	36.23	34.87	34.49	34.4167	33.3355
319	34.95	36.23	34.87	34.49	34.4163	33.3351
320	34.95	36.23	34.87	34.49	34.4158	33.3347
321	34.95	36.23	34.87	34.49	34.4154	33.3342
322	34.95	36.23	34.87	34.49	34.4149	33.3338
323	34.95	36.23	34.87	34.49	34.4145	33.3334
324	34.95	36.23	34.87	34.49	34.4141	33.3330
325	34.95	36.23	34.87	34.49	34.4136	33.3325
326	34.95	36.23	34.87	34.49	34.4132	33.3321
327	34.95	36.23	34.87	34.49	34.4128	33.3317
328	34.95	36.23	34.87	34.49	34.4124	33.3313
329	34.95	36.23	34.87	34.49	34.4119	33.3309
330	34.95	36.23	34.87	34.49	34.4115	33.3305
331	34.95	36.23	34.87	34.49	34.4111	33.3301
332	34.95	36.23	34.87	34.49	34.4107	33.3297
333	34.95	36.23	34.87	34.49	34.4103	33.3293
334	34.95	36.23	34.87	34.49	34.4099	33.3289
335	34.95	36.23	34.87	34.49	34.4095	33.3285
336	34.95	36.23	34.87	34.49	34.4091	33.3281
337	34.95	36.23	34.87	34.49	34.4088	33.3277
338	34.95	36.23	34.87	34.49	34.4084	33.3273
339	34.95	36.23	34.87	34.49	34.4080	33.3269
340	34.95	36.23	34.87	34.49	34.4076	33.3265
341	34.95	36.23	34.87	34.49	34.4073	33.3261
342	34.95	36.23	34.87	34.49	34.4069	33.3257
343	34.95	36.23	34.87	34.49	34.4065	33.3253
344	34.95	36.23	34.87	34.49	34.4062	33.3249
345	34.95	36.23	34.87	34.49	34.4058	33.3245
346	34.95	36.23	34.87	34.49	34.4055	33.3241
347	34.95	36.23	34.87	34.49	34.4051	33.3237
348	34.95	36.23	34.87	34.49	34.4048	33.3233
349	34.95	36.23	34.87	34.49	34.4045	33.3230
350	34.95	36.23	34.87	34.49	34.4041	33.3226
351	34.95	36.23	34.87	34.49	34.4038	33.3222
352	34.95	36.23	34.87	34.49	34.4035	33.3218
353	34.95	36.23	34.87	34.49	34.4031	33.3214
354	34.95	36.23	34.87	34.49	34.4028	33.3210
355	34.95	36.23	34.87	34.49	34.4025	33.3206
356	34.95	36.23	34.87	34.49	34.4022	33.3203
357	34.95	36.23	34.87	34.49	34.4019	33.3199
358	34.95	36.23	34.87	34.49	34.4016	33.3195
359	34.95	36.23	34.87	34.49	34.4012	33.3191
360	34.95	36.23	34.87	34.49	34.4009	33.3187
361	34.95	36.23	34.87	34.49	34.4006	33.3184
362	34.95	36.23	34.87	34.49	34.4003	33.3180
363	34.95	36.23	34.87	34.49	34.4000	33.3176
364	34.95	36.23	34.87	34.49	34.3997	33.3172
365	34.95	36.23	34.87	34.49	34.3994	33.3169
366	34.95	36.23	34.87	34.49	34.3991	33.3165
367	34.95	36.23	34.87	34.49	34.3989	33.3161
368	34.95	36.23	34.87	34.49	34.3986	33.3157
369	34.95	36.23	34.87	34.49	34.3983	33.3154
370	34.95	36.23	34.87	34.49	34.3980	33.3150
371	34.95	36.23	34.87	34.49	34.3977	33.3146
372	34.95	36.23	34.87	34.49	34.3974	33.3143
373	34.95	36.23	34.87	34.49	34.3972	33.3139
374	34.95	36.23	34.87	34.49	34.3969	33.3136
375	34.95	36.23	34.87	34.49	34.3966	33.3132
376	34.95	36.23	34.87	34.49	34.3963	33.3128
377	34.95	36.23	34.87	34.49	34.3961	33.3125
378	34.95	36.23	34.87	34.49	34.3958	33.3121
379	34.95	36.23	34.87	34.49	34.3955	33.3118
380	34.95	36.23	34.87	34.49	34.3953	33.3114
381	34.95	36.23	34.87	34.49	34.3950	33.3111
382	34.95	36.23	34.87	34.49	34.3948	33.3108
383	34.95	36.23	34.87	34.49	34.3945	33.3104
384	34.95	36.23	34.87	34.49	34.3942	33.3101
385	34.95	36.23	34.87	34.49	34.3940	33.3098
386	34.95	36.23	34.87	34.49	34.3937	33.3094
387	34.95	36.23	34.87	34.49	34.3935	33.3091
388	34.95	36.23	34.87	34.49	34.3932	33.3088
389	34.95	36.23	34.87	34.49	34.3930	33.3084
390	34.95	36.23	34.87	34.49	34.3928	33.3081
391	34.95	36.23	34.87	34.49	34.3925	33.3078
392	34.95	36.23	34.87	34.49	34.3923	33.3075
393	34.95	36.23	34.87	34.49	34.3920	33.3072
394	34.95	36.23	34.87	34.49	34.3918	33.3068
395	34.95	36.23	34.87	34.49	34.3916	33.3065
396	34.95	36.23	34.87	34.49	34.3913	33.3062
397	34.95	36.23	34.87	34.49	34.3911	33.3059
398	34.95	36.23	34.87	34.49	34.3909	33.3056
399	34.95	36.23	34.87	34.49	34.3906	33.3053
400	34.95	36.23	34.87	34.49	34.3904	33.3050
401	34.95	36.23	34.87	34.49	34.3902	33.3047
402	34.95	36.23	34.87	34.49	34.3899	33.3044
403	34.95	36.23	34.87	34.49	34.3897	33.3041
404	34.95	36.23	34.87	34.49	34.3895	33.3038
405	34.95	36.23	34.87	34.49	34.3892	33.3035
406	34.95	36.23	34.87	34.49	34.3890	33.3032
407	34.95	36.23	34.87	34.49	34.3888	33.3029
408	34.95	36.23	34.87	34.49	34.3886	33.3026
409	34.95	36.23	34.87	34.49	34.3883	33.3023
410	34.95	36.23	34.87	34.49	34.3881	33.3020
411	34.95	36.23	34.87	34.49	34.3879	33.3018
412	34.95	36.23	34.87	34.49	34.3877	33.3015
413	34.95	36.23	34.87	34.49	34.3875	33.3012
414	34.95	36.23	34.87	34.49	34.3873	33.3009
415	34.95	36.23	34.87	34.49	34.3870	33.3006
416	34.95	36.23	34.87	34.49	34.3868	33.3004
417	34.95	36.23	34.87	34.49	34.3866	33.3001
418	34.95	36.23	34.87	34.49	34.3864	33.2998
419	34.95	36.23	34.87	34.49	34.3862	33.2995
420	34.95	36.23	34.87	34.49	34.3860	33.2992
421	34.95	36.23	34.87	34.49	34.3858	33.2990
422	34.95	36.23	34.87	34.49	34.3856	33.2987
423	34.95	36.23	34.87	34.49	34.3854	33.2984
424	34.95	36.23	34.87	34.49	34.3852	33.2982
425	34.95	36.23	34.87	34.49	34.3850	33.2979
426	34.95	36.23	34.87	34.49	34.3848	33.2976
427	34.95	36.23	34.87	34.49	34.3846	33.2974
428	34.95	36.23	34.87	34.49	34.3844	33.2971
429	34.95	36.23	34.87	34.49	34.3842	33.2968
430	34.95	36.23	34.87	34.49	34.3840	33.2966
431	34.95	36.23	34.87	34.49	34.3838	33.2963
432	34.95	36.23	34.87	34.49	34.3836	33.2960
433	34.95	36.23	34.87	34.49	34.3834	33.2958
434	34.95	36.23	34.87	34.49	34.3832	33.2955
435	34.95	36.23	34.87	34.49	34.3830	33.2952
436	34.95	36.23	34.87	34.49	34.3828	33.2950
437	34.95	36.23	34.87	34.49	34.3826	33.2947
438	34.95	36.23	34.87	34.49	34.3824	33.2944
439	34.95	36.23	34.87	34.49	34.3822	33.2942
440	34.95	36.23	34.87	34.49	34.3821	33.2939
441	34.95	36.23	34.87	34.49	34.3819	33.2937
442	34.95	36.23	34.87	34.49	34.3817	33.2934
443	34.95	36.23	34.87	34.49	34.3815	33.2931
444	34.95	36.23	34.87	34.49	34.3813	33.2929
445	34.95	36.23	34.87	34.49	34.3811	33.2926
446	34.95	36.23	34.87	34.49	34.3809	33.2924
447	34.95	36.23	34.87	34.49	34.3807	33.2921
448	34.95	36.23	34.87	34.49	34.3806	33.2918
449	34.95	36.23	34.87	34.49	34.3804	33.2916
450	34.95	36.23	34.87	34.49	34.3802	33.2913
451	34.95	36.23	34.87	34.49	34.3800	33.2910
452	34.95	36.23	34.87	34.49	34.3798	33.2908
453	34.95	36.23	34.87	34.49	34.3797	33.2905
454	34.95	36.23	34.87	34.49	34.3795	33.2902
455	34.95	36.23	34.87	34.49	34.3793	33.2899
456	34.95	36.23	34.87	34.49	34.3791	33.2897
457	34.95	36.23	34.87	34.49	34.3789	33.2894
458	34.95	36.23	34.87	34.49	34.3788	33.2892
459	34.95	36.23	34.87	34.49	34.3786	33.2889
460	34.95	36.23	34.87	34.49	34.3784	33.2886
461	34.95	36.23	34.87	34.49	34.3782	33.2884
462	34.95	36.23	34.87	34.49	34.3781	33.2881
463	34.95	36.23	34.87	34.49	34.3779	33.2878
464	34.95	36.23	34.87	34.49	34.3777	33.2876
465	34.95	36.23	34.87	34.49	34.3775	33.2873
466	34.95	36.23	34.87	34.49	34.3774	33.2871
467	34.95	36.23	34.87	34.49	34.3772	33.2868
468	34.95	36.23	34.87	34.49	34.3770	33.2866
469	34.95	36.23	34.87	34.49	34.3768	33.2863
470	34.95	36.23	34.87	34.49	34.3767	33.2861
471	34.95	36.23	34.87	34.49	34.3765	33.2858
472	34.95	36.23	34.87	34.49	34.3763	33.2856
473	34.95	36.23	34.87	34.49	34.3761	33.2853
474	34.95	36.23	34.87	34.49	34.3760	33.2851
475	34.95	36.23	34.87	34.49	34.3758	33.2849
476	34.95	36.23	34.87	34.49	34.3756	33.2846
477	34.95	36.23	34.87	34.49	34.3754	33.2844
478	34.95	36.23	34.87	34.49	34.3753	33.2842
479	34.95	36.23	34.87	34.49	34.3751	33.2839
480	34.95	36.23	34.87	34.49	34.3749	33.2837
481	34.95	36.23	34.87	34.49	34.3748	33.2835
482	34.95	36.23	34.87	34.49	34.3746	33.2833
483	34.95	36.23	34.87	34.49	34.3744	33.2830
484	34.95	36.23	34.87	34.49	34.3742	33.2828
485	34.95	36.23	34.87	34.49	34.3741	33.2826
486	34.95	36.23	34.87	34.49	34.3739	33.2824
487	34.95	36.23	34.87	34.49	34.3737	33.2822
488	34.95	36.23	34.87	34.49	34.3736	33.2820
489	34.95	36.23	34.87	34.49	34.3734	33.2818
490	34.95	36.23	34.87	34.49	34.3732	33.2816
491	34.95	36.23	34.87	34.49	34.3730	33.2814
492	34.95	36.23	34.87	34.49	34.3729	33.2812
493	34.95	36.23	34.87	34.49	34.3727	33.2810
494	34.95	36.23	34.87	34.49	34.3725	33.2808
495	34.95	36.23	34.87	34.49	34.3724	33.2806
496	34.95	36.23	34.87	34.49	34.3722	33.2804
497	34.95	36.23	34.87	34.49	34.3720	33.2802
498	34.95	36.23	34.87	34.49	34.3719	33.2800
499	34.95	36.23	34.87	34.49	34.3717	33.2798
500	34.95	36.23	34.87	34.49	34.3715	33.2796
501	34.95	36.23	34.87	34.49	34.3713	33.2795
502	34.95	36.23	34.87	34.49	34.3712	33.2793
503	34.95	36.23	34.87	34.49	34.3710	33.2791
504	34.95	36.23	34.87	34.49	34.3708	33.2789
505	34.95	36.23	34.87	34.49	34.3707	33.2787
506	34.95	36.23	34.87	34.49	34.3705	33.2785
507	34.95	36.23	34.87	34.49	34.3703	33.2784
508	34.95	36.23	34.87	34.49	34.3702	33.2782
509	34.95	36.23	34.87	34.49	34.3700	33.2780
510	34.95	36.23	34.87	34.49	34.3698	33.2778
511	34.95	36.23	34.87	34.49	34.3696	33.2776
512	34.95	36.23	34.87	34.49	34.3695	33.2775
513	34.95	36.23	34.87	34.49	34.3693	33.2773
514	34.95	36.23	34.87	34.49	34.3691	33.2771
515	34.95	36.23	34.87	34.49	34.3690	33.2769
516	34.95	36.23	34.87	34.49	34.3688	33.2768
517	34.95	36.23	34.87	34.49	34.3686	33.2766
518	34.95	36.23	34.87	34.49	34.3684	33.2764
519	34.95	36.23	34.87	34.49	34.3683	33.2762
520	34.95	36.23	34.87	34.49	34.3681	33.2760
521	34.95	36.23	34.87	34.49	34.3679	33.2759
522	34.95	36.23	34.87	34.49	34.3678	33.2757
523	34.95	36.23	34.87	34.49	34.3676	33.2755
524	34.95	36.23	34.87	34.49	34.3674	33.2753
525	34.95	36.23	34.87	34.49	34.3673	33.2752
526	34.95	36.23	34.87	34.49	34.3671	33.2750
527	34.95	36.23	34.87	34.49	34.3669	33.2748
528	34.95	36.23	34.87	34.49	34.3667	33.2746
529	34.95	36.23	34.87	34.49	34.3666	33.2745
530	34.95	36.23	34.87	34.49	34.3664	33.2743
531	34.95	36.23	34.87	34.49	34.3662	33.2741
532	34.95	36.23	34.87	34.49	34.3661	33.2739
533	34.95	36.23	34.87	34.49	34.3659	33.2738
534	34.95	36.23	34.87	34.49	34.3657	33.2736
535	34.95	36.23	34.87	34.49	34.3655	33.2734
536	34.95	36.23	34.87	34.49	34.3654	33.2732
537	34.95	36.23	34.87	34.49	34.3652	33.2730
538	34.95	36.23	34.87	34.49	34.3650	33.2729
539	34.95	36.23	34.87	34.49	34.3648	33.2727
540	34.95	36.23	34.87	34.49	34.3647	33.2725
541	34.95	36.23	34.87	34.49	34.3645	33.2723
542	34.95	36.23	34.87	34.49	34.3643	33.2721
543	34.95	36.23	34.87	34.49	34.3642	33.2720
544	34.95	36.23	34.87	34.49	34.3640	33.2718
545	34.95	36.23	34.87	34.49	34.3638	33.2716
546	34.95	36.23	34.87	34.49	34.3636	33.2714
547	34.95	36.23	34.87	34.49	34.3635	33.2712
548	34.95	36.23	34.87	34.49	34.3633	33.2710
549	34.95	36.23	34.87	34.49	34.3631	33.2709
550	34.95	36.23	34.87	34.49	34.3630	33.2707
551	34.95	36.23	34.87	34.49	34.3628	33.2705
552	34.95	36.23	34.87	34.49	34.3626	33.2703
553	34.95	36.23	34.87	34.49	34.3624	33.2701
554	34.95	36.23	34.87	34.49	34.3623	33.2699
555	34.95	36.23	34.87	34.49	34.3621	33.2697
556	34.95	36.23	34.87	34.49	34.3619	33.2696
557	34.95	36.23	34.87	34.49	34.3617	33.2694
558	34.95	36.23	34.87	34.49	34.3616	33.2692
559	34.95	36.23	34.87	34.49	34.3614	33.2690
560	34.95	36.23	34.87	34.49	34.3612	33.2688
561	34.95	36.23	34.87	34.49	34.3611	33.2686
562	34.95	36.23	34.87	34.49	34.3609	33.2684
563	34.95	36.23	34.87	34.49	34.3607	33.2682
564	34.95	36.23	34.87	34.49	34.3605	33.2680
565	34.95	36.23	34.87	34.49	34.3604	33.2678
566	34.95	36.23	34.87	34.49	34.3602	33.2677
567	34.95	36.23	34.87	34.49	34.3600	33.2675
568	34.95	36.23	34.87	34.49	34.3598	33.2673
569	34.95	36.23	34.87	34.49	34.3597	33.2671
570	34.95	36.23	34.87	34.49	34.3595	33.2669
571	34.95	36.23	34.87	34.49	34.3593	33.2667
572	34.95	36.23	34.87	34.49	34.3592	33.2665
573	34.95	36.23	34.87	34.49	34.3590	33.2663
574	34.95	36.23	34.87	34.49	34.3588	33.2661
575	34.95	36.23	34.87	34.49	34.3586	33.2659
576	34.95	36.23	34.87	34.49	34.3585	33.2657
577	34.95	36.23	34.87	34.49	34.3583	33.2655
578	34.95	36.23	34.87	34.49	34.3581	33.2653
579	34.95	36.23	34.87	34.49	34.3579	33.2651
580	34.95	36.23	34.87	34.49	34.3578	33.2649
581	34.95	36.23	34.87	34.49	34.3576	33.2647
582	34.95	36.23	34.87	34.49	34.3574	33.2645
583	34.95	36.23	34.87	34.49	34.3573	33.2643
584	34.95	36.23	34.87	34.49	34.3571	33.2641
585	34.95	36.23	34.87	34.49	34.3569	33.2639
586	34.95	36.23	34.87	34.49	34.3568	33.2637
587	34.95	36.23	34.87	34.49	34.3566	33.2635
588	34.95	36.23	34.87	34.49	34.3564	33.2633
589	34.95	36.23	34.87	34.49	34.3563	33.2631
590	34.95	36.23	34.87	34.49	34.3561	33.2629
591	34.95	36.23	34.87	34.49	34.3559	33.2627
592	34.95	36.23	34.87	34.49	34.3558	33.2625
593	34.95	36.23	34.87	34.49	34.3556	33.2623
594	34.95	36.23	34.87	34.49	34.3554	33.2621
595	34.95	36.23	34.87	34.49	34.3553	33.2619
596	34.95	36.23	34.87	34.49	34.3551	33.2617
597	34.95	36.23	34.87	34.49	34.3549	33.2615
598	34.95	36.23	34.87	34.49	34.3548	33.2613
599	34.95	36.23	34.87	34.49	34.3546	33.2611
600	34.95	36.23	34.87	34.49	34.3544	33.2608
601	34.95	36.23	34.87	34.49	34.3543	33.2606
602	34.95	36.23	34.87	34.49	34.3541	33.2604
603	34.95	36.23	34.87	34.49	34.3539	33.2602
604	34.95	36.23	34.87	34.49	34.3538	33.2600
605	34.95	36.23	34.87	34.49	34.3536	33.2598
606	34.95	36.23	34.87	34.49	34.3535	33.2596
607	34.95	36.23	34.87	34.49	34.3533	33.2594
608	34.95	36.23	34.87	34.49	34.3532	33.2592
609	34.95	36.23	34.87	34.49	34.3530	33.2590
610	34.95	36.23	34.87	34.49	34.3528	33.2588
611	34.95	36.23	34.87	34.49	34.3527	33.2586
612	34.95	36.23	34.87	34.49	34.3525	33.2584
613	34.95	36.23	34.87	34.49	34.3524	33.2582
614	34.95	36.23	34.87	34.49	34.3522	33.2580
615	34.95	36.23	34.87	34.49	34.3521	33.2578
616	34.95	36.23	34.87	34.49	34.3519	33.2576
617	34.95	36.23	34.87	34.49	34.3518	33.2573
618	34.95	36.23	34.87	34.49	34.3516	33.2571
619	34.95	36.23	34.87	34.49	34.3515	33.2569
620	34.95	36.23	34.87	34.49	34.3513	33.2567
621	34.95	36.23	34.87	34.49	34.3512	33.2565
622	34.95	36.23	34.87	34.49	34.3511	33.2563
623	34.95	36.23	34.87	34.49	34.3509	33.2561
624	34.95	36.23	34.87	34.49	34.3508	33.2559
625	34.95	36.23	34.87	34.49	34.3506	33.2557
626	34.95	36.23	34.87	34.49	34.3505	33.2555
627	34.95	36.23	34.87	34.49	34.3504	33.2553
628	34.95	36.23	34.87	34.49	34.3502	33.2551
629	34.95	36.23	34.87	34.49	34.3501	33.2549
630	34.95	36.23	34.87	34.49	34.3499	33.2547
631	34.95	36.23	34.87	34.49	34.3498	33.2545
632	34.95	36.23	34.87	34.49	34.3497	33.2543
633	34.95	36.23	34.87	34.49	34.3495	33.2540
634	34.95	36.23	34.87	34.49	34.3494	33.2538
635	34.95	36.23	34.87	34.49	34.3493	33.2536
636	34.95	36.23	34.87	34.49	34.3491	33.2534
637	34.95	36.23	34.87	34.49	34.3490	33.2532
638	34.95	36.23	34.87	34.49	34.3489	33.2530
639	34.95	36.23	34.87	34.49	34.3488	33.2528
640	34.95	36.23	34.87	34.49	34.3486	33.2526
641	34.95	36.23	34.87	34.49	34.3485	33.2524
642	34.95	36.23	34.87	34.49	34.3484	33.2522
643	34.95	36.23	34.87	34.49	34.3482	33.2520
644	34.95	36.23	34.87	34.49	34.3481	33.2518
645	34.95	36.23	34.87	34.49	34.3480	33.2516
646	34.95	36.23	34.87	34.49	34.3479	33.2514
647	34.95	36.23	34.87	34.49	34.3477	33.2512
648	34.95	36.23	34.87	34.49	34.3476	33.2510
649	34.95	36.23	34.87	34.49	34.3475	33.2508
650	34.95	36.23	34.87	34.49	34.3474	33.2506
651	34.95	36.23	34.87	34.49	34.3472	33.2504
652	34.95	36.23	34.87	34.49	34.3471	33.2502
653	34.95	36.23	34.87	34.49	34.3470	33.2500
654	34.95	36.23	34.87	34.49	34.3469	33.2499
655	34.95	36.23	34.87	34.49	34.3468	33.2497
656	34.95	36.23	34.87	34.49	34.3466	33.2495
657	34.95	36.23	34.87	34.49	34.3465	33.2493
658	34.95	36.23	34.87	34.49	34.3464	33.2491
659	34.95	36.23	34.87	34.49	34.3463	33.2489
660	34.95	36.23	34.87	34.49	34.3462	33.2487
661	34.95	36.23	34.87	34.49	34.3461	33.2485
662	34.95	36.23	34.87	34.49	34.3459	33.2484
663	34.95	36.23	34.87	34.49	34.3458	33.2482
664	34.95	36.23	34.87	34.49	34.3457	33.2480
665	34.95	36.23	34.87	34.49	34.3456	33.2478
666	34.95	36.23	34.87	34.49	34.3455	33.2477
667	34.95	36.23	34.87	34.49	34.3454	33.2475
668	34.95	36.23	34.87	34.49	34.3453	33.2473
669	34.95	36.23	34.87	34.49	34.3452	33.2471
670	34.95	36.23	34.87	34.49	34.3451	33.2470
671	34.95	36.23	34.87	34.49	34.3450	33.2468
672	34.95	36.23	34.87	34.49	34.3449	33.2466
673	34.95	36.23	34.87	34.49	34.3447	33.2465
674	34.95	36.23	34.87	34.49	34.3446	33.2463
675	34.95	36.23	34.87	34.49	34.3445	33.2461
676	34.95	36.23	34.87	34.49	34.3444	33.2460
677	34.95	36.23	34.87	34.49	34.3443	33.2458
678	34.95	36.23	34.87	34.49	34.3442	33.2456
679	34.95	36.23	34.87	34.49	34.3441	33.2455
680	34.95	36.23	34.87	34.49	34.3440	33.2453
681	34.95	36.23	34.87	34.49	34.3439	33.2452
682	34.95	36.23	34.87	34.49	34.3438	33.2450
683	34.95	36.23	34.87	34.49	34.3437	33.2449
684	34.95	36.23	34.87	34.49	34.3436	33.2447
685	34.95	36.23	34.87	34.49	34.3436	33.2446
686	34.95	36.23	34.87	34.49	34.3435	33.2444
687	34.95	36.23	34.87	34.49	34.3434	33.2443
688	34.95	36.23	34.87	34.49	34.3433	33.2441
689	34.95	36.23	34.87	34.49	34.3432	33.2440
690	34.95	36.23	34.87	34.49	34.3431	33.2438
691	34.95	36.23	34.87	34.49	34.3430	33.2437
692	34.95	36.23	34.87	34.49	34.3429	33.2435
693	34.95	36.23	34.87	34.49	34.3428	33.2434
694	34.95	36.23	34.87	34.49	34.3427	33.2432
695	34.95	36.23	34.87	34.49	34.3426	33.2431
696	34.95	36.23	34.87	34.49	34.3425	33.2430
697	34.95	36.23	34.87	34.49	34.3425	33.2428
698	34.95	36.23	34.87	34.49	34.3424	33.2427
699	34.95	36.23	34.87	34.49	34.3423	33.2425
700	34.95	36.23	34.87	34.49	34.3422	33.2424
701	34.95	36.23	34.87	34.49	34.3421	33.2423
702	34.95	36.23	34.87	34.49	34.3420	33.2421
703	34.95	36.23	34.87	34.49	34.3419	33.2420
704	34.95	36.23	34.87	34.49	34.3419	33.2419
705	34.95	36.23	34.87	34.49	34.3418	33.2417
706	34.95	36.23	34.87	34.49	34.3417	33.2416
707	34.95	36.23	34.87	34.49	34.3416	33.2415
708	34.95	36.23	34.87	34.49	34.3415	33.2413
709	34.95	36.23	34.87	34.49	34.3414	33.2412
710	34.95	36.23	34.87	34.49	34.3414	33.2411
711	34.95	36.23	34.87	34.49	34.3413	33.2409
712	34.95	36.23	34.87	34.49	34.3412	33.2408
713	34.95	36.23	34.87	34.49	34.3411	33.2407
714	34.95	36.23	34.87	34.49	34.3410	33.2406
715	34.95	36.23	34.87	34.49	34.3409	33.2404
716	34.95	36.23	34.87	34.49	34.3409	33.2403
717	34.95	36.23	34.87	34.49	34.3408	33.2402
718	34.95	36.23	34.87	34.49	34.3407	33.2401
719	34.95	36.23	34.87	34.49	34.3406	33.2400
720	34.95	36.23	34.87	34.49	34.3405	33.2398
721	34.95	36.23	34.87	34.49	34.3405	33.2397
722	34.95	36.23	34.87	34.49	34.3404	33.2396
723	34.95	36.23	34.87	34.49	34.3403	33.2395
724	34.95	36.23	34.87	34.49	34.3402	33.2393
725	34.95	36.23	34.87	34.49	34.3402	33.2392
726	34.95	36.23	34.87	34.49	34.3401	33.2391
727	34.95	36.23	34.87	34.49	34.3400	33.2390
728	34.95	36.23	34.87	34.49	34.3399	33.2389
729	34.95	36.23	34.87	34.49	34.3398	33.2387
730	34.95	36.23	34.87	34.49	34.3398	33.2386
731	34.95	36.23	34.87	34.49	34.3397	33.2385
732	34.95	36.23	34.87	34.49	34.3396	33.2384
733	34.95	36.23	34.87	34.49	34.3395	33.2383
734	34.95	36.23	34.87	34.49	34.3395	33.2382
735	34.95	36.23	34.87	34.49	34.3394	33.2381
736	34.95	36.23	34.87	34.49	34.3393	33.2379
737	34.95	36.23	34.87	34.49	34.3393	33.2378
738	34.95	36.23	34.87	34.49	34.3392	33.2377
739	34.95	36.23	34.87	34.49	34.3391	33.2376
740	34.95	36.23	34.87	34.49	34.3390	33.2375
741	34.95	36.23	34.87	34.49	34.3390	33.2374
742	34.95	36.23	34.87	34.49	34.3389	33.2373
743	34.95	36.23	34.87	34.49	34.3388	33.2372
744	34.95	36.23	34.87	34.49	34.3387	33.2370
745	34.95	36.23	34.87	34.49	34.3387	33.2369
746	34.95	36.23	34.87	34.49	34.3386	33.2368
747	34.95	36.23	34.87	34.49	34.3385	33.2367
748	34.95	36.23	34.87	34.49	34.3385	33.2366
749	34.95	36.23	34.87	34.49	34.3384	33.2365
750	34.95	36.23	34.87	34.49	34.3383	33.2364
751	34.95	36.23	34.87	34.49	34.3383	33.2363
752	34.95	36.23	34.87	34.49	34.3382	33.2362
753	34.95	36.23	34.87	34.49	34.3381	33.2360
754	34.95	36.23	34.87	34.49	34.3380	33.2359
755	34.95	36.23	34.87	34.49	34.3380	33.2358
756	34.95	36.23	34.87	34.49	34.3379	33.2357
757	34.95	36.23	34.87	34.49	34.3378	33.2356
758	34.95	36.23	34.87	34.49	34.3378	33.2355
759	34.95	36.23	34.87	34.49	34.3377	33.2354
760	34.95	36.23	34.87	34.49	34.3376	33.2353
761	34.95	36.23	34.87	34.49	34.3376	33.2352
762	34.95	36.23	34.87	34.49	34.3375	33.2351
763	34.95	36.23	34.87	34.49	34.3374	33.2350
764	34.95	36.23	34.87	34.49	34.3374	33.2348
765	34.95	36.23	34.87	34.49	34.3373	33.2347
766	34.95	36.23	34.87	34.49	34.3372	33.2346
767	34.95	36.23	34.87	34.49	34.3372	33.2345
768	34.95	36.23	34.87	34.49	34.3371	33.2344
769	34.95	36.23	34.87	34.49	34.3370	33.2343
770	34.95	36.23	34.87	34.49	34.3370	33.2342
771	34.95	36.23	34.87	34.49	34.3369	33.2341
772	34.95	36.23	34.87	34.49	34.3368	33.2340
773	34.95	36.23	34.87	34.49	34.3368	33.2339
774	34.95	36.23	34.87	34.49	34.3367	33.2338
775	34.95	36.23	34.87	34.49	34.3367	33.2337
776	34.95	36.23	34.87	34.49	34.3366	33.2336
777	34.95	36.23	34.87	34.49	34.3365	33.2335
778	34.95	36.23	34.87	34.49	34.3365	33.2334
779	34.95	36.23	34.87	34.49	34.3364	33.2333
780	34.95	36.23	34.87	34.49	34.3363	33.2332
781	34.95	36.23	34.87	34.49	34.3363	33.2331
782	34.95	36.23	34.87	34.49	34.3362	33.2330
783	34.95	36.23	34.87	34.49	34.3361	33.2329
784	34.95	36.23	34.87	34.49	34.3361	33.2328
785	34.95	36.23	34.87	34.49	34.3360	33.2326
786	34.95	36.23	34.87	34.49	34.3359	33.2325
787	34.95	36.23	34.87	34.49	34.3359	33.2324
788	34.95	36.23	34.87	34.49	34.3358	33.2323
789	34.95	36.23	34.87	34.49	34.3358	33.2322
790	34.95	36.23	34.87	34.49	34.3357	33.2321
791	34.95	36.23	34.87	34.49	34.3356	33.2321
792	34.95	36.23	34.87	34.49	34.3356	33.2320
793	34.95	36.23	34.87	34.49	34.3355	33.2319
794	34.95	36.23	34.87	34.49	34.3354	33.2318
795	34.95	36.23	34.87	34.49	34.3354	33.2317
796	34.95	36.23	34.87	34.49	34.3353	33.2316
797	34.95	36.23	34.87	34.49	34.3352	33.2315
798	34.95	36.23	34.87	34.49	34.3352	33.2314
799	34.95	36.23	34.87	34.49	34.3351	33.2313
800	34.95	36.23	34.87	34.49	34.3351	33.2312
801	34.95	36.23	34.87	34.49	34.3350	33.2311
802	34.95	36.23	34.87	34.49	34.3349	33.2310
803	34.95	36.23	34.87	34.49	34.3349	33.2309
804	34.95	36.23	34.87	34.49	34.3348	33.2308
805	34.95	36.23	34.87	34.49	34.3348	33.2307
806	34.95	36.23	34.87	34.49	34.3347	33.2306
807	34.95	36.23	34.87	34.49	34.3346	33.2305
808	34.95	36.23	34.87	34.49	34.3346	33.2304
809	34.95	36.23	34.87	34.49	34.3345	33.2303
810	34.95	36.23	34.87	34.49	34.3344	33.2302
811	34.95	36.23	34.87	34.49	34.3344	33.2302
812	34.95	36.23	34.87	34.49	34.3343	33.2301
813	34.95	36.23	34.87	34.49	34.3343	33.2300
814	34.95	36.23	34.87	34.49	34.3342	33.2299
815	34.95	36.23	34.87	34.49	34.3341	33.2298
816	34.95	36.23	34.87	34.49	34.3341	33.2297
817	34.95	36.23	34.87	34.49	34.3340	33.2296
818	34.95	36.23	34.87	34.49	34.3340	33.2295
819	34.95	36.23	34.87	34.49	34.3339	33.2294
820	34.95	36.23	34.87	34.49	34.3339	33.2293
821	34.95	36.23	34.87	34.49	34.3338	33.2293
822	34.95	36.23	34.87	34.49	34.3337	33.2292
823	34.95	36.23	34.87	34.49	34.3337	33.2291
824	34.95	36.23	34.87	34.49	34.3336	33.2290
825	34.95	36.23	34.87	34.49	34.3336	33.2289
826	34.95	36.23	34.87	34.49	34.3335	33.2288
827	34.95	36.23	34.87	34.49	34.3334	33.2287
828	34.95	36.23	34.87	34.49	34.3334	33.2287
829	34.95	36.23	34.87	34.49	34.3333	33.2286
830	34.95	36.23	34.87	34.49	34.3333	33.2285
831	34.95	36.23	34.87	34.49	34.3332	33.2284
832	34.95	36.23	34.87	34.49	34.3332	33.2283
833	34.95	36.23	34.87	34.49	34.3331	33.2282
834	34.95	36.23	34.87	34.49	34.3330	33.2281
835	34.95	36.23	34.87	34.49	34.3330	33.2281
836	34.95	36.23	34.87	34.49	34.3329	33.2280
837	34.95	36.23	34.87	34.49	34.3329	33.2279
838	34.95	36.23	34.87	34.49	34.3328	33.2278
839	34.95	36.23	34.87	34.49	34.3328	33.2277
840	34.95	36.23	34.87	34.49	34.3327	33.2277
841	34.95	36.23	34.87	34.49	34.3326	33.2276
842	34.95	36.23	34.87	34.49	34.3326	33.2275
843	34.95	36.23	34.87	34.49	34.3325	33.2274
844	34.95	36.23	34.87	34.49	34.3325	33.2273
845	34.95	36.23	34.87	34.49	34.3324	33.2273
846	34.95	36.23	34.87	34.49	34.3324	33.2272
847	34.95	36.23	34.87	34.49	34.3323	33.2271
848	34.95	36.23	34.87	34.49	34.3323	33.2270
849	34.95	36.23	34.87	34.49	34.3322	33.2270
850	34.95	36.23	34.87	34.49	34.3321	33.2269
851	34.95	36.23	34.87	34.49	34.3321	33.2268
852	34.95	36.23	34.87	34.49	34.3320	33.2267
853	34.95	36.23	34.87	34.49	34.3320	33.2266
854	34.95	36.23	34.87	34.49	34.3319	33.2266
855	34.95	36.23	34.87	34.49	34.3319	33.2265
856	34.95	36.23	34.87	34.49	34.3318	33.2264
857	34.95	36.23	34.87	34.49	34.3318	33.2263
858	34.95	36.23	34.87	34.49	34.3317	33.2263
859	34.95	36.23	34.87	34.49	34.3317	33.2262
860	34.95	36.23	34.87	34.49	34.3316	33.2261
861	34.95	36.23	34.87	34.49	34.3315	33.2260
862	34.95	36.23	34.87	34.49	34.3315	33.2260
863	34.95	36.23	34.87	34.49	34.3314	33.2259
864	34.95	36.23	34.87	34.49	34.3314	33.2258
865	34.95	36.23	34.87	34.49	34.3313	33.2257
866	34.95	36.23	34.87	34.49	34.3313	33.2257
867	34.95	36.23	34.87	34.49	34.3312	33.2256
868	34.95	36.23	34.87	34.49	34.3312	33.2255
869	34.95	36.23	34.87	34.49	34.3311	33.2255
870	34.95	36.23	34.87	34.49	34.3311	33.2254
871	34.95	36.23	34.87	34.49	34.3310	33.2253
872	34.95	36.23	34.87	34.49	34.3310	33.2252
873	34.95	36.23	34.87	34.49	34.3309	33.2252
874	34.95	36.23	34.87	34.49	34.3309	33.2251
875	34.95	36.23	34.87	34.49	34.3308	33.2250
876	34.95	36.23	34.87	34.49	34.3308	33.2250
877	34.95	36.23	34.87	34.49	34.3307	33.2249
878	34.95	36.23	34.87	34.49	34.3307	33.2248
879	34.95	36.23	34.87	34.49	34.3306	33.2248
880	34.95	36.23	34.87	34.49	34.3306	33.2247
881	34.95	36.23	34.87	34.49	34.3305	33.2246
882	34.95	36.23	34.87	34.49	34.3305	33.2246
883	34.95	36.23	34.87	34.49	34.3304	33.2245
884	34.95	36.23	34.87	34.49	34.3304	33.2244
885	34.95	36.23	34.87	34.49	34.3303	33.2244
886	34.95	36.23	34.87	34.49	34.3303	33.2243
887	34.95	36.23	34.87	34.49	34.3302	33.2242
888	34.95	36.23	34.87	34.49	34.3302	33.2242
889	34.95	36.23	34.87	34.49	34.3301	33.2241
890	34.95	36.23	34.87	34.49	34.3301	33.2240
891	34.95	36.23	34.87	34.49	34.3300	33.2240
892	34.95	36.23	34.87	34.49	34.3300	33.2239
893	34.95	36.23	34.87	34.49	34.3299	33.2238
894	34.95	36.23	34.87	34.49	34.3299	33.2238
895	34.95	36.23	34.87	34.49	34.3298	33.2237
896	34.95	36.23	34.87	34.49	34.3298	33.2236
897	34.95	36.23	34.87	34.49	34.3297	33.2236
898	34.95	36.23	34.87	34.49	34.3297	33.2235
899	34.95	36.23	34.87	34.49	34.3296	33.2234
900	34.95	36.23	34.87	34.49	34.3296	33.2234
901	34.95	36.23	34.87	34.49	34.3295	33.2233
902	34.95	36.23	34.87	34.49	34.3295	33.2233
903	34.95	36.23	34.87	34.49	34.3294	33.2232
904	34.95	36.23	34.87	34.49	34.3294	33.2231
905	34.95	36.23	34.87	34.49	34.3293	33.2231
906	34.95	36.23	34.87	34.49	34.3293	33.2230
907	34.95	36.23	34.87	34.49	34.3292	33.2229
908	34.95	36.23	34.87	34.49	34.3292	33.2229
909	34.95	36.23	34.87	34.49	34.3291	33.2228
910	34.95	36.23	34.87	34.49	34.3291	33.2227
911	34.95	36.23	34.87	34.49	34.3290	33.2227
912	34.95	36.23	34.87	34.49	34.3290	33.2226
913	34.95	36.23	34.87	34.49	34.3289	33.2225
914	34.95	36.23	34.87	34.49	34.3289	33.2225
915	34.95	36.23	34.87	34.49	34.3288	33.2224
916	34.95	36.23	34.87	34.49	34.3288	33.2224
917	34.95	36.23	34.87	34.49	34.3287	33.2223
918	34.95	36.23	34.87	34.49	34.3287	33.2222
919	34.95	36.23	34.87	34.49	34.3286	33.2222
920	34.95	36.23	34.87	34.49	34.3286	33.2221
921	34.95	36.23	34.87	34.49	34.3285	33.2220
922	34.95	36.23	34.87	34.49	34.3285	33.2220
923	34.95	36.23	34.87	34.49	34.3284	33.2219
924	34.95	36.23	34.87	34.49	34.3284	33.2219
925	34.95	36.23	34.87	34.49	34.3283	33.2218
926	34.95	36.23	34.87	34.49	34.3283	33.2217
927	34.95	36.23	34.87	34.49	34.3282	33.2217
928	34.95	36.23	34.87	34.49	34.3282	33.2216
929	34.95	36.23	34.87	34.49	34.3281	33.2216
930	34.95	36.23	34.87	34.49	34.3281	33.2215
931	34.95	36.23	34.87	34.49	34.3280	33.2214
932	34.95	36.23	34.87	34.49	34.3280	33.2214
933	34.95	36.23	34.87	34.49	34.3279	33.2213
934	34.95	36.23	34.87	34.49	34.3279	33.2212
935	34.95	36.23	34.87	34.49	34.3278	33.2212
936	34.95	36.23	34.87	34.49	34.3278	33.2211
937	34.95	36.23	34.87	34.49	34.3277	33.2211
938	34.95	36.23	34.87	34.49	34.3277	33.2210
939	34.95	36.23	34.87	34.49	34.3276	33.2209
940	34.95	36.23	34.87	34.49	34.3276	33.2209
941	34.95	36.23	34.87	34.49	34.3275	33.2208
942	34.95	36.23	34.87	34.49	34.3275	33.2208
943	34.95	36.23	34.87	34.49	34.3274	33.2207
944	34.95	36.23	34.87	34.49	34.3274	33.2206
945	34.95	36.23	34.87	34.49	34.3273	33.2206
946	34.95	36.23	34.87	34.49	34.3273	33.2205
947	34.95	36.23	34.87	34.49	34.3272	33.2205
948	34.95	36.23	34.87	34.49	34.3272	33.2204
949	34.95	36.23	34.87	34.49	34.3271	33.2203
950	34.95	36.23	34.87	34.49	34.3271	33.2203
951	34.95	36.23	34.87	34.49	34.3270	33.2202
952	34.95	36.23	34.87	34.49	34.3270	33.2202
953	34.95	36.23	34.87	34.49	34.3269	33.2201
954	34.95	36.23	34.87	34.49	34.3269	33.2200
955	34.95	36.23	34.87	34.49	34.3268	33.2200
956	34.95	36.23	34.87	34.49	34.3268	33.2199
957	34.95	36.23	34.87	34.49	34.3267	33.2199
958	34.95	36.23	34.87	34.49	34.3267	33.2198
959	34.95	36.23	34.87	34.49	34.3266	33.2198
960	34.95	36.23	34.87	34.49	34.3266	33.2197
961	34.95	36.23	34.87	34.49	34.3265	33.2196
962	34.95	36.23	34.87	34.49	34.3265	33.2196
963	34.95	36.23	34.87	34.49	34.3264	33.2195
964	34.95	36.23	34.87	34.49	34.3264	33.2195
965	34.95	36.23	34.87	34.49	34.3263	33.2194
966	34.95	36.23	34.87	34.49	34.3263	33.2193
967	34.95	36.23	34.87	34.49	34.3262	33.2193
968	34.95	36.23	34.87	34.49	34.3262	33.2192
969	34.95	36.23	34.87	34.49	34.3261	33.2192
970	34.95	36.23	34.87	34.49	34.3261	33.2191
971	34.95	36.23	34.87	34.49	34.3261	33.2191
972	34.95	36.23	34.87	34.49	34.3260	33.2190
973	34.95	36.23	34.87	34.49	34.3260	33.2189
974	34.95	36.23	34.87	34.49	34.3259	33.2189
975	34.95	36.23	34.87	34.49	34.3259	33.2188
976	34.95	36.23	34.87	34.49	34.3258	33.2188
977	34.95	36.23	34.87	34.49	34.3258	33.2187
978	34.95	36.23	34.87	34.49	34.3257	33.2186
979	34.95	36.23	34.87	34.49	34.3257	33.2186
980	34.95	36.23	34.87	34.49	34.3256	33.2185
981	34.95	36.23	34.87	34.49	34.3256	33.2185
982	34.95	36.23	34.87	34.49	34.3255	33.2184
983	34.95	36.23	34.87	34.49	34.3255	33.2184
984	34.95	36.23	34.87	34.49	34.3254	33.2183
985	34.95	36.23	34.87	34.49	34.3254	33.2182
986	34.95	36.23	34.87	34.49	34.3253	33.2182
987	34.95	36.23	34.87	34.49	34.3253	33.2181
988	34.95	36.23	34.87	34.49	34.3252	33.2181
989	34.95	36.23	34.87	34.49	34.3252	33.2180
990	34.95	36.23	34.87	34.49	34.3251	33.2180
991	34.95	36.23	34.87	34.49	34.3251	33.2179
992	34.95	36.23	34.87	34.49	34.3250	33.2179
993	34.95	36.23	34.87	34.49	34.3250	33.2178
994	34.95	36.23	34.87	34.49	34.3250	33.2177
995	34.95	36.23	34.87	34.49	34.3249	33.2177
996	34.95	36.23	34.87	34.49	34.3249	33.2176
997	34.95	36.23	34.87	34.49	34.3248	33.2176
998	34.95	36.23	34.87	34.49	34.3248	33.2175
